0.0 0.0 162.4701750728873 10.80821206598921 0.0 0.0 0.0 87.76410045438502 0.0 1.5232397521594976
0.0 0.0 118.55009981541684 0.0 0.0 0.0 0.0 62.14244881960212 0.0 0.0
0.0 0.0 106.04399409612279 0.0 0.0 0.0 0.0 60.112001061075716 0.0 0.0
0.0 0.0 102.85972736342205 0.0 0.0 0.0 0.0 0.0 0.0 0.0
0.0 0.0 102.85577020269716 0.0 0.0 0.0 0.0 0.0 0.0 0.0
0.0 0.0 0.0 0.0 0.0 0.0 0.0 0.0 0.0 0.0
0.0 0.0 0.0 0.0 0.0 0.0 0.0 0.0 0.0 0.0
0.0 0.0 0.0 0.0 0.0 0.0 0.0 0.0 0.0 0.0
0.0 0.0 0.0 0.0 0.0 0.0 0.0 0.0 0.0 0.0
0.0 0.0 0.0 0.0 0.0 0.0 0.0 0.0 0.0 0.0
0.0 0.0 0.0 0.0 0.0 0.0 0.0 0.0 0.0 0.0
0.0 0.0 0.0 0.0 0.0 0.0 0.0 0.0 0.0 0.0
0.0 0.0 0.0 0.0 0.0 0.0 0.0 0.0 0.0 0.0
0.0 0.0 0.0 0.0 0.0 0.0 0.0 0.0 0.0 0.0
