3.655149012396554E7 6.1488750070897534E7 7.511845724806091E7 1.861995948003272E7 2.5884484672063574E7 3.2750739756168842E7 3.8282998111654535E7 4.4158445055448264E7 4.0917943238958985E7 2716917.9648286863
18974.186830958133 123437.80046137642 12907.73430216906 1987.118573596903 14497.026214145333 37951.17250913063 23582.76239459579 5803.2711674064485 3184.208233019862 5785.177117746169
967.0897130308301 12.528622415648186 445.1995005363283 1232.0490962241306 2362.099583687063 2705.4245886765825 5289.090532375713 87.60128427532854 1494.9680865604078 5524.943305914664
444.89830194071465 1.6707919227056038 317.3829118841762 861.5034403078748 1173.3474636976864 2418.951604189862 779.7395340462775 79.11662182392018 5.278105795647264 4.637768005446006
1.473413234975851E-6 2.6123514373921353E-7 2.0331910377535678E-8 3.7733087765445816E-8 1.4602004227981524E-7 1.7878833531881355E-5 1.916991564598902E-6 2.629648605534385E-7 0.0 9.496839936673496E-8
0.0 0.0 0.0 0.0 0.0 0.0 0.0 0.0 0.0 0.0
0.0 0.0 0.0 0.0 0.0 0.0 0.0 0.0 0.0 0.0
0.0 0.0 0.0 0.0 0.0 0.0 0.0 0.0 0.0 0.0
0.0 0.0 0.0 0.0 0.0 0.0 0.0 0.0 0.0 0.0
0.0 0.0 0.0 0.0 0.0 0.0 0.0 0.0 0.0 0.0
0.0 0.0 0.0 0.0 0.0 0.0 0.0 0.0 0.0 0.0
0.0 0.0 0.0 0.0 0.0 0.0 0.0 0.0 0.0 0.0
0.0 0.0 0.0 0.0 0.0 0.0 0.0 0.0 0.0 0.0
0.0 0.0 0.0 0.0 0.0 0.0 0.0 0.0 0.0 0.0
