7666752.652797496 2367465.139352157 1.7404371647718787E7 2948782.990545162 8264442.892358892
3642673.3310771636 1406825.2141729943 2701478.4095516037 1631516.500287793 2642796.350198579
2492961.694209084 1176425.525247646 1888109.42069275 537831.9580726582 1513698.9126303585
1542806.0676109768 907962.3646965307 667763.9992937099 341788.8718918661 929371.9835780014
280892.93548049376 431924.4236126744 248003.1566580109 211747.0136084549 359575.4116737192
225475.16942236407 292286.25670889474 170742.7616219037 169298.0947136695 143106.41547132382
195627.87229508552 249998.03366365697 135728.73655449954 118572.5769233747 106126.77115036054
164403.2871427217 230726.64418629388 106181.77819122036 82456.19983847688 75035.3820280648
145569.76770202667 207869.18191523402 78108.62965123053 58030.107887473016 47187.95180742334
134479.55356630188 191208.32137497995 68769.53862234802 43592.09408003502 40262.83240805811
105514.94731643613 154908.21818868216 60789.521435950955 35801.344222492466 36896.89960479799
65839.45572329617 125603.36728835259 56666.52271838427 21808.873375096035 33929.06317442736
47653.73139258487 102916.65336409987 44817.79803479326 17872.29621549361 29487.038439407734
40837.21208388941 82019.74764020028 40117.8999945845 15119.272292495774 23220.681992246013
