399412.65431817045 326517.2636870204 468314.54469666665 432898.14868908864 365900.77923659125
379602.5710148275 326517.2636870204 363518.8494664702 397876.11442841816 317255.51588796073
347925.9942431748 326517.2636870204 362241.9853493825 387183.6640476432 290837.5513243023
285084.731293871 301354.8107604013 307625.9125001469 337717.72126192774 260112.369438204
192888.6533370162 258062.29379618855 223414.88879665863 281163.1828110376 193744.76679079002
126207.07432074586 176385.51725383656 127908.630923461 194934.3085678528 121703.79394717848
102723.4928292941 128826.35811432144 94063.63205068755 157062.80988219017 99706.65344018531
85558.31274515323 112643.91687970381 70207.98267734851 100507.5291579225 91007.87357362146
55224.051002338805 108555.26808859908 55037.236246950895 71813.83167446792 81385.68827270698
44684.0882003555 85156.98473263829 41701.15303544247 65880.66559268182 78746.5281890685
40474.95071172263 77782.29946140171 40407.30312727558 61836.92467422704 72234.04034897192
33774.353420351224 65886.11303576396 34656.27617058454 59805.161398462944 59809.584671737204
30374.38601041778 48819.40953301303 28611.14741092899 46700.931501904895 48254.76187849358
24409.04320824489 38384.511483672904 26249.440492682792 40705.779604375384 40934.8861458734
