638.1434339797124 695.2358109835736 634.591430369725 777.2858040217375 877.800637080772
561.7054177215782 623.4117301253018 595.2367302331286 693.0498215404841 790.5563512393528
560.4773132801388 623.3532370389994 594.9028550520907 686.3154758760229 787.8164657686484
560.4643932946201 623.3423359636645 594.8734182646917 686.2189396247504 779.5543158324394
560.4643878340198 623.3423353540743 594.8722569698866 686.2189298034427 779.5248408777188
560.4643878340175 623.3423353540738 594.8722374246058 686.2189298034382 779.5247224625828
560.4643878340175 623.3423353540738 594.8722374245781 686.2189298034373 748.3318748100314
560.4643878340175 623.3423353540738 594.8722374245767 686.2189298034373 748.1323969136802
560.4643878340175 623.3423353540734 594.8722374245767 686.2189298034373 748.1323830794536
560.4643878340166 623.3423353540729 594.8722374245767 686.2189298034373 748.1323830790334
560.4643878340166 623.3423353540729 594.8722374245767 686.2189298034373 748.1323830427291
560.4643878340166 623.3423353540729 594.8722374245767 686.2189298034373 748.1323828823406
560.4643878340166 623.3423353540729 594.8722374245767 686.2189298034373 748.1323825153468
560.4643878340166 623.3423353540729 594.8722374245767 686.2189298034373 748.1323825153431
