296.9662389867326 333.2010046000023 293.54476648158357 316.21101419564275 298.1711960890352
65.32736736056972 144.21189647785786 98.4741617637469 110.13720156962927 82.0065761072193
0.0 43.69451064272812 12.865750917668493 13.876303073869735 0.0
0.0 38.687508927899444 8.269523788071751 7.969696578765138 0.0
0.0 38.68748049223905 8.269507647800424 7.969696566296534 0.0
0.0 38.68748049222813 8.269507647798605 7.969696566294942 0.0
0.0 38.68748049222722 8.269507647798491 7.969696566294715 0.0
0.0 38.687480492226996 0.0 0.0 0.0
0.0 0.0 0.0 0.0 0.0
0.0 0.0 0.0 0.0 0.0
0.0 0.0 0.0 0.0 0.0
0.0 0.0 0.0 0.0 0.0
0.0 0.0 0.0 0.0 0.0
0.0 0.0 0.0 0.0 0.0
