157.4189747414266 298.14364578251093 498.17245981103224 194.16409771118833 421.3657683114766 176.09374644036643 401.63181769436255 221.34582521479 217.60793455880003 187.94022503693236
13.873125320393228 96.02620400908017 52.24083540181732 78.08691702411716 104.29328120673426 56.992257974266295 24.39405830210285 50.513422231861114 25.69448344391253 0.5622971589700683
0.0 79.95879810747056 0.0 75.11318424202682 63.55332913846405 2.790079209436499 0.0 0.0 0.0 0.0
0.0 11.157952774265823 0.0 72.41881666581457 61.231598052312165 0.0 0.0 0.0 0.0 0.0
0.0 8.931038711162728 0.0 72.40855499308668 61.1814391368373 0.0 0.0 0.0 0.0 0.0
0.0 8.449147276978692 0.0 72.40855498963333 61.181192057388444 0.0 0.0 0.0 0.0 0.0
0.0 8.449146283065375 0.0 72.40855498963265 32.837206922432415 0.0 0.0 0.0 0.0 0.0
0.0 8.449146283065375 0.0 0.0 23.381126295132844 0.0 0.0 0.0 0.0 0.0
0.0 8.449146283065375 0.0 0.0 23.380836509233404 0.0 0.0 0.0 0.0 0.0
0.0 0.0 0.0 0.0 0.0 0.0 0.0 0.0 0.0 0.0
0.0 0.0 0.0 0.0 0.0 0.0 0.0 0.0 0.0 0.0
0.0 0.0 0.0 0.0 0.0 0.0 0.0 0.0 0.0 0.0
0.0 0.0 0.0 0.0 0.0 0.0 0.0 0.0 0.0 0.0
0.0 0.0 0.0 0.0 0.0 0.0 0.0 0.0 0.0 0.0
