695.6095682678083 725.1509681420512 358.1124804964402 218.79275081930382 728.0541053612142 679.2862117134378 785.853134639467 658.5461063122266 648.1368476252819 534.7627072665127
569.9639886338582 694.7862217901284 351.4211320816253 163.54434330383083 654.8953598237508 674.668533183707 681.6851924332504 569.5679046075625 630.2954174704983 479.07184677481746
567.0341929767228 693.1940494720661 351.1983541784839 159.25916913613446 652.2648880610327 674.6217936819894 673.4326626829065 567.3432676055832 629.335089082585 476.36184969639635
563.8588311132116 693.0687235109717 351.1967694702721 157.45261908786097 652.0883077008402 674.6217680169202 669.9405632493208 566.4691652471311 629.3037585950015 469.3820458131604
563.788983487781 693.0684262330001 335.68102477568755 149.08202672389916 652.0879297171477 674.6217680148093 669.9251132407599 566.4244249469407 576.5496459239016 469.03037907250155
563.7889833973477 692.3661983705106 335.4262135535323 149.08201176015336 652.087929717135 672.120633688457 669.9251066639063 566.4244214762189 559.8194940616877 469.02988739827697
563.7889833973477 692.3661983705101 333.1600006125809 149.08201176014109 638.3198876558317 654.2961979080128 669.9251052295667 566.4244183246751 559.8161308610829 469.0298873478264
563.7889833973477 585.7904076324148 333.1600006125723 103.19264381493167 638.2149875860628 651.8924997308677 669.925103011883 566.4244137477444 559.8161286977365 469.0298872919666
563.7889833973477 574.3822708153584 333.16000061257 103.19191962891591 638.2149119492542 651.8924521673357 669.9251006108666 566.4244077257654 559.8161286921004 469.0298872919657
563.7889833973477 573.2539789367579 333.16000061257 95.14409963321214 638.2149118882326 651.8924521673353 669.9250984139017 566.4244019471557 559.8161286886125 469.0298872919657
563.7889833973477 573.2538003634991 333.1600006125691 94.46459591677785 638.2149118673215 296.58367605432613 669.925096255341 566.4243959293603 526.9901056031995 469.0298872919657
563.7889833973477 573.2538003632744 333.1600006125673 94.42588819486446 638.2149118281773 296.57335929752753 669.9250940986622 566.4243899588291 526.982863038671 469.0298872919657
563.7889833973477 567.1309657200891 333.1600006125673 94.425888160883 638.2148928334673 296.57335928502243 669.9250920355316 566.4243836317296 526.9828629608496 469.0298872919657
563.7889833973477 567.1309329940063 333.1600006125673 94.42588816056923 638.2148928221964 294.7959741005534 669.9250899163098 566.4243776969988 526.982862959745 469.0298872919657
