378292.21176775405 159638.159718788 109903.72669633353 612782.7016551857 172127.06983222996 145658.48114805433 146556.81944229145 744710.7898864171 476948.3089397827 148532.23392998838
43781.75810036819 24637.926262350622 18155.83642639378 4243.095386615382 11151.477035378186 7779.712336500868 12375.127873131329 18389.416077857015 8515.105228551183 35067.8236772576
42666.56953811842 23631.43220340682 15318.131135215153 2738.8048695159996 10755.00348653443 6027.158243330769 11056.054059103024 15269.138261683594 3320.014146497404 23806.025394783464
42541.63973944123 23496.781772448157 13929.001783140766 2595.4778515855164 9161.090004519749 5929.760263515078 10259.014738335696 14815.784389684733 2482.9917079284614 6915.738037700932
591.4007725248987 3634.072089071449 13610.437148284725 1991.8854767384578 327.82051650479207 933.3333184445091 5525.135302288985 14810.66429671454 21.309207478762573 1422.9854776131801
193.0913103399596 486.30857588115396 993.3412413178385 0.0 239.23900416351148 0.0 67.82928923677628 1580.7880543804322 0.0 1412.3325288290425
188.26913146521701 483.17404243352985 992.5101794879115 0.0 236.0999566493456 0.0 66.45071411976505 1575.1918631136068 0.0 1410.928312901071
186.77443116055974 482.67080277798686 991.3320340294922 0.0 236.09995574853997 0.0 65.42280822364683 1572.4573386006095 0.0 1410.9045405175166
186.63747376425954 482.6692330774599 990.7367778632229 0.0 236.09995574853997 0.0 65.39577901831694 1571.9285349533784 0.0 1410.903169007035
185.66725394017908 482.6676283329191 990.7325399845367 0.0 236.09995574853997 0.0 65.33425254132294 1571.9242764492487 0.0 1410.8952109684155
185.55658292443422 482.66744335750946 990.7204961655634 0.0 236.09995574853997 0.0 65.32939623899006 1571.912765894605 0.0 1410.894870563753
185.52454556402472 482.6674426671234 990.7204809470222 0.0 236.09995574853997 0.0 65.32886761424788 1571.9124329273327 0.0 1410.8948636102677
185.52445958953285 482.66744264768136 990.720480931006 0.0 236.09995574853997 0.0 65.3259414981153 1571.9124311198125 0.0 1410.8948515971056
185.52445734554476 482.66744264767385 990.7204809307859 0.0 236.09995574853997 0.0 65.32539479535694 1571.9124309805484 0.0 1410.8948509884322
