480.41417897637666 499.9780075504664 555.0362979835254 503.5473801788162 490.7935079725062
295.5827553631407 283.23462495116246 385.4647687047377 415.2095370448269 423.4264598826094
295.1126086303034 273.09614183530493 367.5145840753212 415.2063007350398 421.01581329115425
295.11260795889257 273.0959222554775 367.5141869741392 415.2063007309248 420.99970871489495
295.11260795889257 273.09592225538745 367.51418696859673 399.6484889661633 420.99970829598715
295.11260795889257 273.095922255387 367.5141869685963 360.80699428903245 420.99970829598533
295.11260795889257 262.73953041488176 367.5141869685963 360.79572616944506 420.99970829598533
295.11260795889257 262.73953041488085 347.4366677731459 360.7957261694446 420.99970829598533
295.11260795889257 262.73953041488085 347.4366672323217 259.19002670104965 420.9997082959849
295.11260795889257 262.73953041488085 347.43666723232127 259.1900267010469 420.9997082959849
295.11260795889257 262.73953041488085 331.67287145437376 259.1900267010469 420.9997082959844
295.11260795889257 262.73953041488085 311.8430473262233 259.1900267010469 420.9997082959844
295.11260795889257 262.73953041488085 311.8430473262215 259.1900267010469 420.9997082959844
295.11260795889257 262.73953041488085 303.72612277374174 259.1900267010469 420.9997082959844
