8034.655183876514 8427.366408669453 10089.194707567456 4021.2605661577645 11742.336863655784
3709.0224242681406 4739.562571256472 8437.529759141606 2873.7573149263844 8606.085451684576
2389.088700304869 3299.542513470421 6751.5473942220715 2628.743411042074 6717.167245455998
2046.120725526262 3171.318538606226 3763.4277282406365 2516.6525090436353 3662.2685372337146
2011.15991933006 3141.6487687486733 3476.562240630925 2500.057474965454 3445.5457984525237
2009.0538991308617 3139.5387737529627 3474.7722333848888 2499.437267162149 3435.058250887474
2008.9928860417085 3138.818782561444 3468.116140843693 2499.4333119323414 3433.779109044155
2008.9926043167002 3138.6936439087185 3467.5222755671202 2499.433038281249 3433.7577088059625
2008.9926021370097 3138.6734943115753 3467.2865212476554 2499.433030301955 3433.652632540886
2008.9926021331075 3138.672116649437 3467.2332200234514 2499.4330288701412 3433.5733390080522
2008.9926021303463 3138.671967874694 3467.2259756239546 2499.433028867547 3433.573261818852
2008.9926021303277 3138.671941517052 3467.2245474247557 2499.433028867533 3433.573234099036
2008.9926021303227 3138.671940117645 3467.224281609031 2499.4330288675255 3433.573233849631
2008.9926021303168 3138.671940100402 3467.224227025361 2499.433028867521 3433.573233821422
