1.4203961544931012E8 1.531651761185402E8 6.826977241185637E7 5.903402225454578E7 1.453556061975815E8
5642307.578892261 1.666563111519315E7 8997943.521699404 1.1529919638615694E7 8819280.107686365
4116426.609539991 5833746.747006002 3940655.3914334187 8245468.019887301 5545921.780008754
1809722.1949558586 3715801.595180217 478980.27812184894 1351655.1863081988 1618186.2349673414
277175.6475859463 478214.3990300461 130338.38303882146 585292.1482382618 252199.56325805033
91522.45388102546 45864.55338795595 39875.63648780081 78816.92787062205 111768.18961021047
72618.64878848103 25902.20601544261 33071.215385935255 39533.1302593491 4613.810476795749
54902.488783922316 5484.497678129536 26054.884332193687 30441.77583240111 3196.6272987919347
44279.65539117364 2773.734593523495 21956.991183359318 19485.374028573853 2822.9843826219694
30732.292565433137 2462.742884835287 20710.198080790702 13277.794442967668 2624.613370912013
16736.750275717754 2017.5207229000716 19434.656365388913 13162.056116486307 2519.820157201067
14966.249849698408 1981.9972109093796 17238.767848397205 12912.115007936616 2374.9067809597145
11270.795245997706 1967.912322894717 14097.243686724121 12750.317741840345 2300.3532474771496
9835.414860624358 1962.9510296211483 9005.381148993914 12355.976425358025 2214.6211615558905
