2002.590071224969 2361.2692630598785 2134.299246524827 1618.7282451594692 1932.8025278159012
1898.8369516422626 2110.7448165169553 2026.2417311935478 1501.7325907153036 1751.7526341350535
1836.9048640044898 2095.202854662805 2017.865838033732 1495.7569443408374 1699.5114731030317
1821.6297382395187 2039.4244000253334 2016.360477142604 1493.9720680192731 1687.4494306802917
1821.3627929051172 2039.0402989498134 2016.1264857407464 1493.0706573825746 1664.4143066993188
1821.1231692188449 2036.5703009515046 2015.728356887737 1492.9384370830594 1663.8182085020703
1820.5691136357805 2036.179633720748 2015.534164311805 1492.8110092249071 1659.7428412987406
1819.9862062149368 2036.155433305219 2015.4704727161006 1492.7985216276602 1658.7697537230424
1819.9570051591036 2033.4618704240243 2015.416043602218 1492.7853489946738 1658.7060895517525
1819.869016736703 2032.248016617621 2015.4095289955922 1492.78268643838 1658.6540671414486
1819.8594852696792 2031.9247932290232 2015.4063786268816 1492.7816116912463 1658.5620896199453
1819.8587457630501 2031.916386171682 2015.3912965390641 1492.7794600952798 1657.7121243574734
1819.8585573469259 2031.9139376746043 2015.3899702415151 1492.7506384183134 1656.9942651014844
1819.8563103684096 2031.9121706801716 2015.3870688110005 1492.750388887027 1656.9440164285352
