8794.06695155741 10012.951083136277 2813.3106605513335 5307.674365666367 11212.293251117946 12207.56293089853 4807.575270488305 11254.929189853421 8752.542326536992 6644.926717710069
1194.6738604566126 1077.3545477986947 388.2158597731835 232.76646543568063 1105.6550652833603 741.2991017699019 1982.918033510086 1532.8105960834614 510.9287399734301 136.7299462489641
3.165853185915637 0.0 48.1653955226642 0.0 0.0 0.0 0.0 267.68290260017716 0.0 0.0
0.0 0.0 0.0 0.0 0.0 0.0 0.0 0.0 0.0 0.0
0.0 0.0 0.0 0.0 0.0 0.0 0.0 0.0 0.0 0.0
0.0 0.0 0.0 0.0 0.0 0.0 0.0 0.0 0.0 0.0
0.0 0.0 0.0 0.0 0.0 0.0 0.0 0.0 0.0 0.0
0.0 0.0 0.0 0.0 0.0 0.0 0.0 0.0 0.0 0.0
0.0 0.0 0.0 0.0 0.0 0.0 0.0 0.0 0.0 0.0
0.0 0.0 0.0 0.0 0.0 0.0 0.0 0.0 0.0 0.0
0.0 0.0 0.0 0.0 0.0 0.0 0.0 0.0 0.0 0.0
0.0 0.0 0.0 0.0 0.0 0.0 0.0 0.0 0.0 0.0
0.0 0.0 0.0 0.0 0.0 0.0 0.0 0.0 0.0 0.0
0.0 0.0 0.0 0.0 0.0 0.0 0.0 0.0 0.0 0.0
