704.6996488406116 893.1398731113995 868.2786464674464 613.1499118865413 1068.4367922090205
182.56857764135884 262.68714038104645 200.37199563337595 95.30203113430935 395.1576767739846
88.89934974258472 79.87943373069356 77.39192303675736 19.87576671465399 174.88210258863228
41.125237045763924 12.151038848523967 14.849238183424632 0.0 98.70038322628398
40.64410291829927 11.733383981528505 14.718568034901637 0.0 98.29425080107035
40.64409759022442 11.73336939562455 14.718567818029442 0.0 98.29425073478228
40.64409759022101 11.733369395212776 14.71856781802876 0.0 98.29425073478205
40.644097590220554 11.733369395212776 14.718567818028532 0.0 98.29425073478205
40.644097590220554 11.733369395212776 14.718567818028532 0.0 98.29425073478205
37.60259704107534 11.733369395212776 14.718567818028532 0.0 98.29425073478205
37.6025966404859 11.733369395212776 14.718567818028532 0.0 98.29425073478205
37.602596640485444 11.733369395212776 14.718567818028532 0.0 98.29425073478205
37.602596640485444 11.733369395212776 14.718567818028532 0.0 98.29425073478205
37.602596640485444 11.733369395212776 14.718567818028532 0.0 98.29425073478205
