1899570.6927184022 424906.29307231633 180700.6725504258 106300.90055312551 135493.7533856392
104571.71277060112 97897.73357684072 31456.299172244937 26267.797507641953 12540.176365949143
18853.432722035606 70370.8304715012 20754.548077083513 23334.614098506605 12071.442452937674
9120.88367367096 35541.367467458214 674.8327961286941 6878.5413571332065 5279.046850114291
2984.0190342238693 2623.8346607102094 350.82352788031085 285.4450257403282 234.26543779323993
1872.7074149562868 245.27298876422628 50.32044184210531 216.6440063056134 218.8297074659149
844.4232615472961 142.95084868993808 28.575714434481597 67.41752672506709 190.54928230143605
85.96419252060764 137.172057278068 28.557174282907226 67.28417440063731 172.29050857241327
82.30008517197916 137.17204628750005 28.557172863137794 67.28416875855896 172.15506948582538
82.24942857041628 137.1720462874032 28.557172860493665 67.28416875789844 172.15506694235455
82.24941150895643 137.1720462874032 28.557172842517502 67.28416875784615 172.15506694158626
82.24941147307777 137.1720462874032 28.557172842517502 67.28416875681341 172.15506693677003
82.24941146712445 65.88728915585716 28.557172842517502 67.28416875670291 172.15506693677003
82.24941146712399 65.88672568625248 26.424436363141695 67.28416875670291 172.15506693677003
