22465.096702986695 100727.36823360981 45932.99061026796 36089.47813459416 23209.91960071345
7758.606900818093 7278.968575170027 10529.491178299411 17729.659554044676 18567.70021311035
7092.178027569689 6958.52851203824 9190.76126826789 17573.474323344126 18394.85734001168
6845.697977440901 6864.113022926598 8975.67568875262 17337.159681702735 18268.955415519406
6843.809884493574 6863.303344796554 8887.599007314902 17195.25406170559 18264.259677713526
202.7846090307694 150.25477553701512 202.43036607497015 420.0168442501181 1218.5706777747337
113.67761268477898 149.42676106619 190.68640877078792 415.7399097685475 271.58531025012644
113.01674600298952 149.3757365799636 190.5540143563087 415.67924635161035 269.5393768952422
112.90805293653602 149.19464016799657 190.55163924991098 415.65064285965127 269.3409307674424
112.650761043579 149.18123814640603 190.5516332025736 415.63147566862744 268.84165164364003
112.64082306918772 149.1804999478959 189.56269928418624 415.62422782032854 266.21610522621495
112.64013651971459 147.52553644579075 189.4592700764208 415.6218139885839 265.312070918711
112.63995539974212 147.5179624953471 189.45768589911427 415.6216808978579 265.2769818882846
112.63993785735079 147.51668810598744 189.45762994383244 415.62153153582267 265.1902731340449
