51.96832532545898 101.77816815309473 41.358151534057015 72.89104981439368 220.54745697770704 100.34218890646082 133.8375889681264 212.11686123201162 173.87406500766087 120.38109960753911
14.745307121313317 10.134636903901082 0.0 29.541562831342844 81.00681564475906 18.396728902573727 23.09573481935422 43.04286350178927 0.0 35.835579030227336
13.632148658393248 0.0 0.0 23.347709685951486 62.92334849622284 14.632951465431233 0.0 8.129550755041407 0.0 18.213126426440567
11.663533138170067 0.0 0.0 0.0 19.8357195479972 13.149156692380302 0.0 0.0 0.0 15.259749106831578
0.0 0.0 0.0 0.0 14.157256305055853 0.0 0.0 0.0 0.0 0.0
0.0 0.0 0.0 0.0 0.0 0.0 0.0 0.0 0.0 0.0
0.0 0.0 0.0 0.0 0.0 0.0 0.0 0.0 0.0 0.0
0.0 0.0 0.0 0.0 0.0 0.0 0.0 0.0 0.0 0.0
0.0 0.0 0.0 0.0 0.0 0.0 0.0 0.0 0.0 0.0
0.0 0.0 0.0 0.0 0.0 0.0 0.0 0.0 0.0 0.0
0.0 0.0 0.0 0.0 0.0 0.0 0.0 0.0 0.0 0.0
0.0 0.0 0.0 0.0 0.0 0.0 0.0 0.0 0.0 0.0
0.0 0.0 0.0 0.0 0.0 0.0 0.0 0.0 0.0 0.0
0.0 0.0 0.0 0.0 0.0 0.0 0.0 0.0 0.0 0.0
