1193.4834444600488 1334.7830729010266 1009.9639351262576 1566.941717622456 1270.7879985203317
989.0784730539381 1272.0949033396096 952.6505108675483 1422.5553392989991 1168.7463615586348
974.9670845053138 1266.9309431186966 947.7814731110557 1405.1373700083573 1155.6657180577886
970.2539157953761 1228.606876321036 944.1093096982377 1392.7188199155066 1151.5167215011934
969.3908633533138 1228.1677797456991 942.2843485413714 1386.4760583088319 1151.2316244773629
969.336059049107 1228.1652641941782 942.275488062749 1380.4204502421426 1151.231522815594
969.3306769262981 1228.1652513831523 942.2754877271827 1378.8330674573617 1151.231522814593
969.3305844591223 1228.1652513123845 942.2754877268208 1378.020537502724 1151.231522814539
969.3305772869671 1228.1652513119825 942.2754877267334 1376.9056211136785 1151.2315228145335
969.3305772111112 1228.1652513119461 942.2754877267312 1376.586102010976 1151.231522814528
969.3305772080757 1228.1652513119302 942.2754877267312 1376.4532951374813 1151.2315228145253
969.3305772080694 1228.1652513119288 942.2754877267312 1376.4386654023392 1151.2315228145244
969.3305772080662 1228.1652513119288 942.2754877267312 1376.4182723175418 1081.5853675474568
969.330577208053 1228.1652513119288 942.2754877267312 1376.388889783564 1081.5852674789835
