113026.24308336481 81657.67585115336 60616.76574044105 123542.66949588474 84805.82511306733 200712.3960060865 9771.591712564908 59655.092403355105 90139.61138808008 81630.15967912736
9125.548589154221 1403.317275332186 3459.749090242787 1191.7971212795628 3673.4223568616853 1948.969662386408 1391.46297457411 5892.748856617828 723.6332616820587 1475.9815390902932
7475.541599241948 1386.0541019684151 3421.040043370099 1157.79866203646 3606.5472146140373 1870.5011289642061 1092.0429936142546 5881.947321926592 585.3010160554813 1451.2957829517786
5017.458362205813 1363.4861078832914 3408.0331754675744 1153.7766125950716 3410.0733912584365 1844.0758735988557 1076.5464656066088 169.7020680149608 551.3222594980825 1445.226842860574
0.0 50.417645617972994 23.591161742691384 29.514648165487415 6.276841800852026 0.0 3.0686734047162645 0.0 55.61455538490645 1379.261188620566
0.0 50.407908016964484 22.855200633387312 29.44558789337725 4.731086397365743 0.0 0.0 0.0 5.8765934880520945 0.0
0.0 50.407907960050125 22.855200139737235 29.445587883106782 4.731023226178195 0.0 0.0 0.0 5.876593323915358 0.0
0.0 50.407907960050125 22.855200139736098 29.445587883097687 4.731023208384158 0.0 0.0 0.0 5.74212048831987 0.0
0.0 50.407907960050125 11.285818928465233 29.445587883064263 4.731023208382339 0.0 0.0 0.0 5.741417055307238 0.0
0.0 50.407907960050125 11.249198906870333 29.445587498304803 4.731023208382339 0.0 0.0 0.0 5.741417021521784 0.0
0.0 0.0 11.24919890164756 29.445587498299574 4.731023208382339 0.0 0.0 0.0 5.741417021461075 0.0
0.0 0.0 10.56677078568191 29.445587498299574 4.731023208382339 0.0 0.0 0.0 5.741417021461075 0.0
0.0 0.0 10.566770741122127 17.510511466726257 4.731023208382339 0.0 0.0 0.0 5.741417021461075 0.0
0.0 0.0 10.566770741122127 17.510511456880522 4.731023208382339 0.0 0.0 0.0 5.741417021461075 0.0
