9543.088726076368 8005.818315626433 8321.820911884788 9783.767839960321 10578.064883163795
7085.146616584174 6526.684358988294 6330.850935170893 7796.3425397934225 6224.202494216863
6852.371450920717 6526.313496482575 6096.431125413412 7336.358141158606 5411.86276572625
6842.997288539946 6526.313496073048 6028.193223915301 7271.932362903035 5247.296124025248
6841.917426302987 5952.627097176508 6018.378456450422 7233.706947418725 5234.935932710583
6841.630342859824 5952.62707697551 6012.135583083969 7227.251793319621 5234.3803508125475
6841.629439714488 5516.904485362436 6011.93189718696 7225.237006559109 5234.208138037155
6841.629413385594 5220.657933271446 6011.783678310272 7224.521374807226 5233.999072665156
6841.62936008277 5220.657933271246 6011.692378384354 7224.300394092652 5233.99428493573
6841.6290098618865 5220.657933271232 6011.672214742259 7224.210988833842 5233.990145045855
6841.62900986179 5220.65793327123 6011.498045654094 7223.87231144384 5233.98915383416
6841.628988148515 5220.657933271226 6011.475727988311 7223.436689344067 5233.9888350748515
6841.628988148515 5220.657933271226 6011.4729533962945 7223.323154028974 5233.988811344256
6841.62896717675 5220.657933271226 6011.472728632312 7223.286804722295 5233.988811281493
