252.35145095062308 255.43315813831396 252.76362784143157 266.78153625149207 268.0348055743789 249.58083386494627 268.1342509304177 255.56487348413066 258.815770517725 286.0985510752598
251.12830330058114 253.33549810774366 250.2751365469344 265.86081925665303 268.030272897784 249.57727916612157 263.7239075915495 255.56377582313917 257.20007770826305 275.45138675731323
251.12830330044062 253.3354981066559 250.27513654693348 265.86081916353714 268.030272897784 249.57727916612157 263.7238528258781 255.56377582313917 257.20007770826305 275.4513531886091
251.12830330044062 253.3354981066559 250.27513654693348 265.86081916353714 268.030272897784 249.57727916612157 263.72385282586947 255.56377582313917 257.20007770826305 275.45135318860866
251.12830330044062 253.3354981066559 250.27513654693348 265.86081916353714 268.030272897784 249.57727916612157 263.72385282586947 245.11834529487305 248.0786369613229 243.264009727523
100.0000000007476 253.3354981066559 250.27513654693348 246.08844419230627 268.030272897784 249.57727916612157 263.72385282586947 245.11834529487305 248.0786369613229 243.264009727523
100.0000000005657 253.3354981066559 250.27513654693303 246.08844419230627 268.030272897784 249.57727916612157 263.72385282586947 245.11834529487305 248.0786369613229 243.264009727523
100.0000000005657 253.3354981066559 250.27513654693303 246.08844419230627 265.46125952669854 249.57727916612157 258.12865725167467 245.11834529487305 248.0786369613229 243.264009727523
100.0000000005657 253.3354981066559 100.00000073642241 246.08844419230627 265.46125952669854 249.57727916612157 247.35372831700442 245.11834529487305 244.9162722309502 243.264009727523
100.0000000005657 253.3354981066559 100.00000000237196 246.08844419230627 0.0 100.0162041035519 247.35372831700442 245.11834529487305 244.9162722309502 243.264009727523
100.0000000005657 253.3354981066559 100.00000000237196 246.08844419230627 0.0 100.00000000296995 100.681942209912 245.11834529487305 244.9162722309502 243.264009727523
100.0000000005657 253.3354981066559 100.00000000080036 246.08844419230627 0.0 100.00000000085402 100.68194129545964 245.11834529487305 244.9162722309502 241.43290395568556
100.0000000005657 0.0013741847337769286 100.00000000080036 246.08844419230627 0.0 100.00000000085402 100.0000000942955 245.11834529487305 244.9162722309502 241.43290395568556
100.0000000005657 0.0 100.00000000080036 246.08844419230627 0.0 100.00000000085402 100.00000000102364 245.11834529487305 244.9162722309502 238.82619395338634
