8054.310004074818 8309.740320165502 8504.262345408772 9554.608193613656 10599.274480055577
6797.234802941946 6997.2613762063265 7275.445590675423 7265.89062828663 8778.869703552342
6600.1302281829485 6768.64399967514 7247.1910017247155 7174.387089257525 8458.447808780194
6574.265440089688 6746.123727257758 7247.1909328883485 7174.364453208862 8375.387137240401
6571.533363303526 6741.643664513256 6836.259986861249 7174.364453182978 8370.98799340666
6560.075141271416 6740.201363491598 6836.172053989323 7174.3644531829705 8370.898951225117
6559.203978903104 6739.448949128349 6836.172053989245 7174.364453182967 8370.866268781909
6558.257571236949 6739.040735706643 6836.172053989236 7174.364453182967 8370.862582253425
6557.948152557332 6738.805910207238 6052.531778466167 7174.364453182967 8370.859724736132
6557.918390527071 6738.066205237141 6050.980583427023 7174.364453182967 8370.859582126783
6557.87836770642 6737.9925512876 6050.97746794876 7174.364453182963 8370.858682025577
6557.847898552387 6737.983755158639 6050.96895217868 7158.944625199696 8370.858295950458
6557.839406055968 6737.974957180617 6050.968603856234 7158.94462519943 8370.858127743026
6557.838729379986 6737.958716505487 6050.968226444706 7158.94462519943 8370.858127733598
