78.63477398297232 80.0858095607457 50.821757678524136 3.695168768357462 60.4721385058059 54.45487699030127 13.937731153164918 43.340479711317585 87.93681607219196 47.85804574168321
0.0 0.0 1.2843917276802586 0.0 0.0 0.0 0.0 0.0 0.0 10.531940557780786
0.0 0.0 0.5630878635950012 0.0 0.0 0.0 0.0 0.0 0.0 10.439950958363966
0.0 0.0 0.5630414042528855 0.0 0.0 0.0 0.0 0.0 0.0 10.439949407417203
0.0 0.0 0.0 0.0 0.0 0.0 0.0 0.0 0.0 9.444990372147686
0.0 0.0 0.0 0.0 0.0 0.0 0.0 0.0 0.0 9.444990350116086
0.0 0.0 0.0 0.0 0.0 0.0 0.0 0.0 0.0 0.0
0.0 0.0 0.0 0.0 0.0 0.0 0.0 0.0 0.0 0.0
0.0 0.0 0.0 0.0 0.0 0.0 0.0 0.0 0.0 0.0
0.0 0.0 0.0 0.0 0.0 0.0 0.0 0.0 0.0 0.0
0.0 0.0 0.0 0.0 0.0 0.0 0.0 0.0 0.0 0.0
0.0 0.0 0.0 0.0 0.0 0.0 0.0 0.0 0.0 0.0
0.0 0.0 0.0 0.0 0.0 0.0 0.0 0.0 0.0 0.0
0.0 0.0 0.0 0.0 0.0 0.0 0.0 0.0 0.0 0.0
