9931135.904838707 2.048619403021964E7 7249969.376665353 1.2676918182551824E7 4.696214298327272E7 3.646093773881036E7 8467614.731424822 1.3206344843722334E7 2.064931125266707E7 1.3322472374911783E7
1404825.6520276521 3547155.650853743 1667886.4606177125 653634.2928176506 714260.7637936735 2225607.536321097 571710.7104792327 908436.2536397366 1413436.9218041804 3785766.511151597
408550.0139485464 133638.9113873919 50867.04216548041 197741.21261538236 107270.87416911822 1146830.8198875193 159008.08978423363 543161.1727224066 33273.7040095553 25193.75349720946
32859.089703316386 51999.9115681318 22443.370519490774 81210.41936520861 24989.6753476784 28714.314654494476 37031.40233269176 177781.48045646702 23625.745875838133 12158.033683879414
9220.644265649862 18842.74004616562 15012.279697351343 20134.714537330998 21937.360980671045 21842.559981101906 20914.85045906171 31733.112427861357 21875.003834621657 5081.459184412264
4092.7814626757445 3308.877141968951 11071.546325032301 6058.293065649495 8798.986924067789 11399.486987160433 8027.704928040728 13171.652852348594 20911.94827669425 2801.762779692437
3756.2515760421593 3267.4409979467564 9362.585014424407 5936.792985003242 8504.073541712602 6849.040663502867 5662.117450869205 8057.421279278817 16373.181587783725 2783.710360062025
2936.3936782327 3242.546601111142 7033.136673779809 5907.148365504905 8356.616032917482 5432.548625330733 5495.706784100295 7388.447330179963 13208.268536400756 2776.773151240304
2897.1797872984916 3219.5099580900387 6872.679073340599 5819.7829391572795 8323.135442318819 5153.365015864803 5392.433548503565 6635.42730073866 7450.822368619076 2754.6662301012657
2876.980193838047 3199.2215136529894 6813.635169149167 5799.632554719254 8267.879882072606 5141.015483309067 5317.313913524932 6617.679068902223 5336.91850867262 2747.660771193666
2868.0404104730715 3181.4401979589 6779.925995416928 5751.359003121921 8238.067832015386 5127.978126789792 5171.939657935876 6518.503276903748 5289.50838491414 2741.242924048678
2811.002824090081 3067.723547552895 6657.9248042109 5729.7353201593505 8183.151411238652 5111.772958582764 5128.0825080139875 6418.475822295504 5273.43176471881 2724.104830943561
2760.457385011806 3014.953401766483 6550.096362244869 5696.10703628166 8082.798213243757 5103.676898767397 5126.176752362237 6112.146308796192 5272.402555055808 2715.735621346634
2632.905566392346 2991.703476446629 6519.315419030293 5586.950525710845 7671.923248771915 5094.725644943078 5001.4247189759 4773.622154594455 5148.337555469556 2644.0337936090054
