1060.9038320651425 1026.7434637509064 407.097317233226 1200.0171616438165 786.1802834567275 1310.1462256503683 404.929507672246 1137.185984715864 896.5263192277685 909.9665072573803
961.8605457046183 811.6080809781738 393.0152527655914 1093.2858585417225 686.8080225164645 1069.683365002321 257.8549811454809 252.4174243373136 882.8353861335836 615.6615071267247
961.8605457046169 811.6080809772429 393.01525276559005 1093.2858585375543 648.6726497213804 1048.1476925883112 257.8549811454791 252.09905169493004 718.1810330094045 615.6615071265105
961.860545704616 811.6080809772429 393.0152527655887 1093.2858585375384 603.1720106449266 1047.493144767188 257.8549811454791 252.09905169493004 548.1492612915936 615.6615071265092
246.5751683223948 811.6080809772429 223.55306141562414 1093.2858585375384 444.687999284577 1047.4926240237596 0.0 252.09905169493004 548.1492612915936 594.6979017572648
246.5751683223948 596.9438468252542 202.05761419065175 595.4178514871401 444.687999284577 1047.4926240226791 0.0 252.09905169493004 259.69719429661654 594.6979017572648
246.57516832239253 596.9437266969403 202.05761419065175 595.4178240708766 444.687999284577 411.2213325763141 0.0 252.09905169493004 259.69719429661654 594.6979017572648
246.57516832239253 596.9437266969403 202.05761419065175 595.4178240708766 444.68799928457656 411.2213325763141 0.0 252.09905169493004 259.69719429661654 594.6979017572648
246.57516832239253 596.9437266969403 202.05761419065175 595.4178240708766 444.68799928457656 411.2213325763141 0.0 252.09905169493004 259.69719429661654 594.6979017572648
246.57516832239253 519.4658201052448 202.05761419065175 595.4178240708766 444.68799928457656 411.2213325763141 0.0 252.09905169493004 259.69719429661654 594.6979017572648
246.57516832239253 517.8628014938554 202.05761419065175 595.4178240708766 444.68799928457656 388.73764221138936 0.0 252.09905169493004 259.69719429661654 594.6979017572639
246.57516832239253 517.8628014938554 202.05761419064947 595.4178240708766 444.68799928457656 388.73764221138936 0.0 252.09905169493004 259.69719429661654 594.6979017572639
246.57516832239253 517.8628014938554 202.05761419064947 595.4178240708766 444.68799928457656 364.8124957882401 0.0 252.09905169493004 259.69719429661654 594.6979017572639
246.57516832239253 517.8628014938554 202.05761419064947 595.4178240708766 444.68799928457656 364.8124648682974 0.0 252.09905169493004 259.69719429661654 594.6979017572639
