8.356764118057553E8 6.854776630436002E8 7.734297669420221E8 7.933639316227558E8 1.262135947765122E9
8.998346234295323E7 5.83568162699885E7 9.034672781839679E7 5.3146843208240114E7 8.887171145852467E7
3.450637359333658E7 2.4919353618476328E7 3.969847823759704E7 2.0398064596595798E7 2.83352139342931E7
1.4041209570506997E7 1.1922005588177634E7 1.0864911286846094E7 7819904.328452255 4929875.842511936
2164367.8197904374 3854672.9651933215 4048828.123072663 2592178.8549220124 1393934.5374189795
1145801.1801470956 1363709.5751774989 1129459.1215536576 711880.2149292663 820990.7535457553
543551.0029743717 644581.4771834068 805268.7937572512 318326.6460873553 765710.4105017897
399127.3365776927 222400.39200623095 483566.6840374416 222102.04221809126 642002.0326950729
336155.5022854886 144898.60754878388 349481.2406526051 132792.14270705596 504388.7452397769
300467.531243116 133979.64915795263 272052.8321829315 110977.82297018949 384158.422119057
244211.4389426121 128278.48372683591 213693.15374922374 89170.9457365302 309719.87412647513
196568.75588485313 116747.90514482472 158100.01558968564 81362.66572458674 261901.1358833823
163264.66020288694 108394.95081358761 122508.90924420432 74957.69659016402 240562.83400628009
126101.43387745868 97895.3707466072 97557.52925811896 63597.022341445176 204923.4267854961
