577.4280111098467 289.2462846190383 438.3934562724522 272.30237563321805 565.8706905702256
107.13838133131219 118.8847007466818 119.22905103280755 64.59500287691867 259.27111944788453
0.0 0.0 68.15582845055872 45.93959159189728 153.32925045910474
0.0 0.0 0.0 44.09913864711734 89.64583951043767
0.0 0.0 0.0 19.04011225372301 84.10143656743332
0.0 0.0 0.0 0.0 74.85855035985492
0.0 0.0 0.0 0.0 0.0
0.0 0.0 0.0 0.0 0.0
0.0 0.0 0.0 0.0 0.0
0.0 0.0 0.0 0.0 0.0
0.0 0.0 0.0 0.0 0.0
0.0 0.0 0.0 0.0 0.0
0.0 0.0 0.0 0.0 0.0
0.0 0.0 0.0 0.0 0.0
