751.1291702769845 742.0226584069856 770.0244909197736 833.755941957239 726.397442856105
323.7373197215916 305.038116015136 380.11828504547384 408.67813868051235 361.65888513899245
92.39229684786449 112.79593725753 102.81916817031811 127.55480925054098 103.64805624445114
59.04208637671729 48.018027433343605 69.88814779471556 53.00891191397204 51.346456514290935
58.42400482145854 48.017994913445136 69.66938864514646 52.592516472659895 51.34645593646633
58.42400482065409 48.017994913440134 69.66938864496967 52.59251647265319 51.34645593645962
58.42400482065307 48.01799491343763 69.66938864496865 52.59251647265296 51.346455936459506
58.42400482065307 48.017994913437064 69.66938864496865 52.59251647265273 51.34645593645894
58.424004820652954 48.01799491343672 69.6693886449682 52.592516472652505 51.346455936457915
58.42400482065261 48.01799491343661 69.6693886449682 52.59251647265239 51.3464559364578
58.42400482065261 48.01799491343661 69.66938864496797 52.59251647265239 51.34645593645769
58.42400482065261 48.01799491343661 69.6693886449674 52.59251647265239 51.34645593645746
58.42400482065261 48.01799491343627 69.6693886449674 52.59251647265239 51.34645593645746
58.42400482065261 48.01799491343627 69.6693886449674 52.59251647265239 51.34645593645746
