1044.4981642883004 954.510236188531 1157.2224937504188 972.4373296459612 1019.0090313029941
801.6917291084287 730.5742720229964 887.7532232086996 715.6337831158316 726.5864762333767
739.913911065516 706.818845424843 868.194753555088 696.7005022487706 656.9278654072036
734.4501898168128 705.0607741553717 865.8745992662516 694.950919959861 651.4624134728119
734.2689690555685 705.0597994913751 865.8540289593047 694.9476994869328 651.4486065318983
734.2689624259092 705.0597994896584 865.8540289593002 694.9476994857587 651.44860651719
734.2689624259087 705.0597994896566 865.8540289592993 694.9476994857573 651.4486065171886
734.2689624259087 705.0597994896566 865.8540289592993 694.9476994857555 651.4486065171832
734.2689624259087 705.0597994896566 865.8540289592993 694.9476994857555 651.4486065171832
734.2689624259078 705.0597994896566 865.8540289592993 694.9476994857555 651.4486065171832
734.2689624259078 705.0597994896566 816.5993034807593 694.9476994857555 651.4486065171832
734.2689624259078 705.0597994896566 816.5992617721308 694.9476994857555 648.8354700302984
734.2689624259078 705.0597994896566 816.5992617721304 694.9476994857555 621.0160894587784
734.2689624259078 705.0597994896566 816.5992617721304 694.9476994857555 621.016089458778
