109.74890483246509 113.25248385157806 91.7963238344754 177.3598804517477 203.1920057850757
45.29137520357506 0.0 33.41768788809122 21.666772660362767 33.8023256616392
45.28842901124813 0.0 33.41748978330588 13.787527956046802 7.456724197194717
45.28842896134847 0.0 33.417489780164715 13.425105534209592 7.455229647203851
45.28842896070944 0.0 33.41748977673774 13.42510553415002 7.455229645507757
45.28842896068636 0.0 33.41748977672387 13.425105534148656 7.455229645507643
45.28842896068636 0.0 33.417489776722505 13.425105534148315 0.0
45.28842896068613 0.0 33.417489776722505 13.425105534148088 0.0
45.288428960685906 0.0 33.41748977672228 8.450932878676326 0.0
45.288428960685906 0.0 33.41748977672228 8.45026967235583 0.0
45.288428960685906 0.0 33.41748977672228 8.450269672355716 0.0
45.288428960685906 0.0 6.460397172329408 8.450269672355716 0.0
45.288428960685906 0.0 6.46039717231406 8.450269672355716 0.0
45.288428960685906 0.0 6.46039717231406 8.450269672355716 0.0
