4312.868705821261 4165.532594563573 3431.950254068255 3338.875168289045 3069.405832366505
3313.368842851396 3991.168602867827 3190.548243653705 3134.5881456264815 2876.116722647608
3181.4440354926965 3978.108662690328 3168.9174060251353 3103.2087511442587 2841.7598470783505
3170.514258081301 3973.8950258845325 3165.1731110971987 3084.825470112388 2828.7916582205653
3163.832222217212 3965.671557031639 3163.744276337705 3049.8940417076783 2820.4535391901272
3155.224722692441 3952.479099616885 3161.093875685974 3022.7940559620674 2815.951743317014
3155.0731583553043 3944.412552023159 3161.092815052689 3013.382403256459 2815.7264288222577
3155.0710241295155 3940.126737362949 3161.050519225325 3010.0108392328093 2815.6900489913432
3155.07079940314 3939.135323013257 3161.0505104668646 3009.689359306988 2815.3950088379124
3155.070783780782 3935.4747244369883 3161.0505103512023 3009.6047066423253 2815.336567007911
3155.0707837388345 3935.2833983431456 3161.0505103504274 3009.3431822746097 2811.6153618772696
3114.995791059084 3934.9753295570836 3161.050510350421 3009.1809556227945 2811.5632691212277
3114.995790982136 3934.8681900495285 3161.0505103504147 3008.6896699887757 2811.551891813545
3114.9957909821287 3934.592952029584 3161.0505103504147 3008.2302031387735 2811.5463297871656
