99681.11720916031 16467.43896854124 14261.920900703473 3725.5467106062843 54027.6289383832
892.8162046624602 707.5824884564813 859.0554897241682 1686.0138219678424 958.8566171550524
625.3982716846785 651.7167067990854 815.9656544205745 1664.2685352968583 776.0286283820974
598.9496494996301 637.8415183843267 797.9289818425841 1652.9652285427292 742.2621685819768
590.7626144694068 636.4701702381276 796.9148243207019 1649.0357749148616 735.1932179802266
589.8128129554934 311.1711388568792 796.6693421365248 1648.7666895600378 734.6052765857212
589.7702431831381 236.61997356911388 796.640983932909 201.8206025922177 734.2797162950096
589.6099627850217 236.05720803571967 796.5477848103956 197.6035345861328 734.1999985473531
268.4084427940902 236.0085971584558 796.5199361959044 197.58384459325225 468.0785115461895
164.38186733744624 236.0017086843318 796.2562914723112 197.5773728180211 105.99831401333176
162.13920299510028 235.9976412412152 796.0585403961409 197.576172354346 104.53934185455364
161.21620660394638 235.99121328806905 794.4563294039417 197.5723062156767 104.44026774633676
160.4658065853573 235.98914991390848 793.9150658259996 197.56865682099897 104.41715363776302
160.29926361380467 235.98829980371102 792.6235053943396 197.54694384874983 104.41462943369015
