4900.636433357791 5152.1439411281945 3942.999216490127 5262.708707683848 4649.442391321192 4968.47942157468 4442.442086008239 5126.4817199962445 5337.578769175976 5949.228629243543
3891.971058152978 4204.929087864182 3293.128507307956 3855.293488858597 2905.853387758334 3625.5388893361687 4058.8668557795936 4321.064914234443 3754.4220425560834 4013.2044975241643
3771.474816912876 4150.853884130867 3287.0309234047127 3759.770036132326 2743.361556171838 3558.944973788077 4022.0718066098198 4254.764158026375 3629.397925581281 3822.6146313440495
3743.7931446690764 4139.317158980291 3284.7965424971517 3710.966116609363 2737.5110860540753 3553.1369642014124 4007.6533486510943 4238.2512865455155 3621.1398695962016 3736.6109626562356
3728.4507672967993 4138.739917089442 3284.7910519841716 3699.8586277569793 2737.499969036575 3551.496742718733 3861.0865264609765 4224.418064095082 3618.457092368324 3717.8206657389273
3728.0213817013446 4138.6557797338755 3284.7825568485096 3698.58555809652 2737.499968333146 3551.4967409454184 3859.968807137737 4216.996363974391 3618.1631547518828 3716.8344274709216
3727.7098584274227 4138.654027080764 3067.5129029892996 3698.551435521669 2737.4999683331425 3551.4967409454184 3859.9688066907765 4214.674052287755 3618.1627465943893 3716.5723246189064
3727.597768096137 4138.6538114423365 3067.5129029182135 3698.5452881353867 2737.4999683331425 3551.4967409454184 3859.933728644992 4214.579693740639 3618.162213502046 3716.4630986896245
3727.574121237514 4138.653767750022 3067.5129029182135 3698.5440932707043 2737.4999683331425 3372.9177016794292 3859.919419826345 4214.579671624813 3618.1621171431398 3716.4541502120446
3727.571776177034 4138.653744885069 3067.5129029182135 3698.5436034727263 2737.4999683331425 3372.9176438146515 3583.5577402363706 4214.579671492655 3618.162114007673 3716.452471264485
3727.571759181612 4138.6536830676105 3067.5129029182117 3698.542719566818 2737.4999683331425 3372.9176438146515 3583.5577199679283 4214.579671488922 3618.162111046933 3716.4522009671964
3727.571759179411 4138.653682843131 2956.7984303132107 3698.542504814419 2737.4999683331425 3372.9176438146515 3583.5577199679174 4214.579671488857 3618.1621106755974 3716.4507785143014
2663.6442570886047 4138.653665728352 2956.5723986865505 3698.5422955604845 2737.4999683331425 3372.9176438146496 3583.5577199679174 4214.579671488849 3618.1621106097737 3716.4507490365995
2663.6442570885956 4138.65366569274 2956.5723986828834 3698.542281692584 2737.4999683331425 3372.9176438146496 3583.5577199679174 4214.579671488849 3618.1621106097737 3716.450748210178
