24984.944695058657 19694.42572293218 8406.859290798533 10496.995910934227 31391.518808867368
1680.6379252730858 1683.5423074424143 1242.6235314382434 1616.8945581775697 964.5649963181077
763.1240201347346 526.7584760284071 751.7544444118184 1262.1608834990307 676.6742833740091
465.70281564515653 393.52557798331463 549.6629217000436 613.5191237566778 479.620290675854
447.74656045327356 386.1539075559276 544.3129390424956 573.2951727567261 470.07822846921863
369.4706550203439 383.00749057410576 460.6701441595105 549.5250372859809 468.4831796315075
351.31772630855835 382.1577666043461 451.37409961383855 548.1591658154184 402.67914035151034
351.2002005971601 354.09457638431695 451.24086364619643 520.9149423836961 401.5298193586748
351.15381401241643 353.6479429633571 438.87420261605394 510.30257453110517 401.3251018757544
351.08984427930136 353.5699972172042 436.8099650090596 510.27310908629124 401.1789810457926
351.0812035591341 353.54218740930855 436.08824924036276 510.2344977268863 401.058539246927
351.06585437982835 353.5174703219732 436.036466288303 510.2323960833446 400.67590168490483
351.0569904591471 353.51083289666826 436.02458811269116 508.66461919515405 400.1768647007407
351.012278258529 353.4933536389474 434.7934283982793 506.6004896678901 400.00802059932175
