365.8026139728031 460.86904799489275 443.0824206103939 439.5723722079981 424.38349869237163
207.37083384965013 258.154129897996 268.2783702658419 155.98969040022212 188.14951943537835
158.43488401608465 245.490020190917 230.27790150849478 128.85541094057476 118.98241013559993
152.98988808501986 243.30904426216966 229.19285479048335 127.30505535900556 114.91057557531303
152.98204265473487 243.29550084542007 228.34981035929195 127.29871032695291 114.91057557094427
152.98204262367017 243.29550083929644 228.34981033707118 127.29871029767924 114.91057557094211
152.98204262367017 243.29550083929644 228.3498103370698 127.29871029767924 114.91057557094211
152.98204262367017 243.29550083929644 228.34981033706936 127.29871029767924 114.910575570942
152.98204262366926 243.29550083929598 228.34981033706936 127.29871029767855 114.910575570942
152.98204262366926 243.29550083929598 228.34981033706936 127.29871029767855 114.910575570942
152.98204262366926 243.29550083929576 228.34981033706936 127.29871029767855 114.910575570942
152.98204262366926 243.29550083929576 228.34981033706936 85.06199080385318 114.910575570942
152.98204262366926 243.29550083929507 228.34981033706936 85.06199080385136 114.910575570942
152.98204262366903 243.29550083929507 228.34981033706936 85.06199080385136 114.910575570942
