287731.2034530138 79993.77013874546 97114.37487832236 127328.20869456796 152515.29630920134
3010.5599951383874 4630.130463976174 6340.499775970469 3120.432109995735 5169.563985514416
2752.2036687926466 3955.6588808354963 5662.779133567918 2694.2056522081593 4308.860459651191
2613.257398822341 3738.19211442662 5431.188250665262 2465.0663559181285 3646.6559001161004
2601.341093582717 3683.0622424503217 5295.230785446063 2429.0664854534866 3546.997187369958
2529.0513016585874 3679.4461151017013 5258.564655966278 2425.235897883105 3483.9171403646606
2524.0103737314066 3676.576971928791 3634.9036116109655 2422.708462540403 3478.6975564016675
2522.026929896538 3676.3759630670647 3476.094644514271 909.6221673552282 3473.9385355565128
2521.929738124828 3676.356992374387 3472.7656920862883 97.87240690616022 3471.4559719345207
2521.88645040602 3676.3156883275396 3472.4650748043987 84.26537778763031 3471.2993529091655
2521.768610559931 3676.3110501492247 3472.422022546545 83.80295400910109 3471.2368467712513
2521.5152259617034 3676.1342495496738 3472.412144900489 83.73227673523638 3465.608137233813
2521.2957128546636 3674.7688939615973 3472.4080272744322 83.71843498666408 2127.7409302753817
2521.1466172241753 3673.696903273112 3472.408018408765 83.71356233103643 735.4902414581347
