1376161.2544832267 352671.47593509866 1025809.0202046861 534772.4885719409 104245.95783634445
2863.3954315515275 6176.830839933727 3484.6161633994143 5816.120584746974 11522.511529082154
1318.1824188096489 942.014519980341 516.1642689299952 3139.3107976603633 5568.019630982624
771.4448224618563 690.7410065085414 126.67537944077185 2867.85687559522 5181.321526212826
596.0116231659129 614.4326491435736 67.969158738244 2865.494555749292 4961.19926067095
590.7714795102975 565.4140897020911 64.1661582489005 2860.2945269851944 4956.511669102602
590.7307453327944 562.8351887539425 64.14861704714758 2859.6130341046983 4952.539706360554
590.6612064067942 562.8248958005952 62.82998141588155 2856.8019208559544 3778.7074202588437
590.5252574249855 562.8231688957239 60.902378834206274 273.4026607234373 1066.6878774394263
590.110962084379 562.8212052633803 7.2743506992496805 265.0955145495741 1066.1955672518966
516.2158554740718 562.8204634618769 5.6430388047879205 265.08738266704154 1065.980630997849
483.24589307096494 562.8170255748453 5.604838231828353 264.6862947297848 1065.5733358979087
483.207477268827 562.8136862463962 5.476821545750909 264.1242014380073 1065.4970071709727
483.1666290435264 562.813242824918 4.933510782519761 263.9698084285019 1065.481263322015
