17699.489276394208 20656.086813833885 20491.115340608958 22284.201771827138 21181.127001291992
14787.437261619267 17141.30614120221 17258.1570509561 17304.447110002457 15754.099914733506
14346.429095414296 16518.84937692528 16411.626870741682 16675.613061811346 15017.805092459399
14113.044086721973 16449.57834966826 16145.427823170761 16485.499239732886 14495.497803426071
13831.426207221095 16382.645255345946 15955.939288482648 16248.35524808547 14371.59153087721
13763.238796205389 16377.679242462924 15940.510364728998 16230.530446859651 14361.950234365213
13755.919443835835 16375.002696947933 15935.239828809448 16229.088523264818 14286.621035630229
13752.967417661568 16374.574086686705 15933.476914520423 16201.484074528664 14285.416261666476
13751.819473808486 16374.458367520496 15926.271139068693 16189.710034003168 14281.922691796848
13751.131351324577 16374.404751398815 15925.734262493806 16178.643130435754 14270.248704228517
13749.13907992255 16374.353393807032 15921.7716001437 16172.60103235684 14269.659316388865
13748.700086301718 16374.33254750647 15921.455169024903 16171.599672537857 14269.606727133629
13748.527524658772 16374.225392675151 15920.280229197379 16165.52110072448 14269.396619802166
13746.756168822252 16374.17362261413 15920.149173825776 16164.760664111895 14269.260745963245
