202.7448208836629 569.6848941121816 661.529980238478 736.2868766398433 1170.8608517280854 595.9503676298154 359.7951918907679 574.890196568268 339.71711754829994 683.8639454551985
120.26997641290768 530.0337095658779 572.8703061608812 679.5529389034791 1124.5804821008578 508.269279679374 240.24913098416164 555.1892587511397 320.27531285999385 639.0406585316141
109.74228900523303 524.7560115063193 565.2745946458626 673.7654791462296 1119.9674479118448 499.09461377694925 236.6504770106235 553.1287082107006 317.19740225967416 634.6139435384885
107.15400389421939 523.7922561812843 563.6944950741099 672.1755356899753 1119.5850956885265 496.7773652823603 234.5935592347496 552.649740824691 316.1036537829473 633.7493880030479
105.37707649472554 523.7844268799536 563.486475300449 672.1068576222901 1119.4510844204879 496.5650272094226 234.556523873669 552.6494739568161 315.90244448686735 633.6818615124307
105.37682683350477 523.7844268529279 563.4806312816154 449.320052171714 1119.4510337233696 496.56502584639065 234.55652373693033 552.6494738119745 315.8996073051039 633.6816976148116
105.37682683348203 523.7844268529261 478.92076576251657 143.95465001589787 427.1021884260681 0.0 234.55652373693033 552.6494738119727 315.89960531925635 488.4914795986383
105.37682683348203 523.7844268529261 473.0701592150772 141.3553170257028 424.42694881833995 0.0 234.55652373693033 551.6564514158526 315.8996053149999 483.1350724820559
105.37682683348203 523.7844268529261 472.6943726562613 141.35171410950488 424.4269487139427 0.0 234.55652373693033 551.6563129880988 315.8996053149999 483.1350724539857
105.37682683348203 97.82099885351113 472.69348175588675 141.3517141093348 424.4269487139395 0.0 234.55652373693033 551.6563129873853 315.8996053149999 483.1350724539807
105.37682683348203 88.52834491288968 472.69303113182696 141.3517141093339 424.4269487139395 0.0 234.55652373693033 551.6563129873825 315.8996053149999 483.1350724539807
105.37682683348203 88.52834486957295 472.69303075856715 141.35171410933367 424.4269487139395 0.0 234.55652373693033 551.6563129873825 315.8996053149999 483.1350724539807
105.37682683348203 88.52834486957295 472.6930307536404 140.38220432222852 424.4269487139395 0.0 98.96493170131248 551.6563129873825 315.8996053149999 483.1350724539807
105.37682683348203 88.52834486957295 472.690974795069 140.38220431778473 424.4269487139395 0.0 98.89977547204307 551.6563129873825 315.8996053149999 483.1350724539807
