23792.83774260487 27844.656804602746 5033.119660442838 91034.84581904512 19575.346153612052 109307.89235745334 21894.672166519624 38606.53584955656 25767.952561529826 8877.138226766294
4646.200116505909 2979.7914961474353 4225.445253189628 15549.380198477214 1873.3351940318944 411.0806265604215 2690.7572403291388 1381.278304774316 4793.017634413282 302.4048010813417
4636.689421059091 2902.3500025248804 4145.635611864429 15538.41652316763 1806.1790313642382 174.17013383825633 2681.3745866833415 0.0 4738.614065108972 183.24682441486584
4634.869547740916 2897.2099689151437 4142.877368163634 15536.557951085837 1800.58125697971 166.11271057604927 2678.495583549523 0.0 4735.761172185724 134.91931559025988
79.40376588964773 0.0 0.0 0.0 14.36233774757602 165.9548965987824 27.193430659564683 0.0 0.0 132.06630284301445
79.04706469052098 0.0 0.0 0.0 8.451899898232568 149.39336493385463 23.011398488758687 0.0 0.0 40.86817712998641
79.00344453828575 0.0 0.0 0.0 8.102013139113524 148.74760927844363 23.010522397632712 0.0 0.0 40.72547209538243
79.00341374787467 0.0 0.0 0.0 8.090602403218554 0.0 23.010107980767543 0.0 0.0 40.725397481355
79.00341085675745 0.0 0.0 0.0 8.090572405146077 0.0 0.0 0.0 0.0 40.7238339572973
0.0 0.0 0.0 0.0 8.090570389997993 0.0 0.0 0.0 0.0 40.71597736516583
0.0 0.0 0.0 0.0 8.09057038312585 0.0 0.0 0.0 0.0 40.7158415894221
0.0 0.0 0.0 0.0 8.090570383122895 0.0 0.0 0.0 0.0 40.71581901163063
0.0 0.0 0.0 0.0 8.090570383122895 0.0 0.0 0.0 0.0 40.71572202792004
0.0 0.0 0.0 0.0 0.0 0.0 0.0 0.0 0.0 40.71565313478709
