249.69486093794148 255.81308240294038 252.98537877409854 250.77806250226467 222.44127224819977 248.57303781128394 261.2286806363536 280.93440021353354 272.8030033185705 229.32454717362816
234.21569430431555 242.64156906931566 249.46959819012227 245.58476248927855 210.66149651909836 213.7548282413277 260.31137971028147 279.4176994811319 270.91469066735226 227.31628878305128
234.00342807550487 242.48349305576494 249.46498921249713 245.3582252276783 210.53890970317343 204.76480863319148 260.24223004645 279.3475965892535 270.68462780483515 224.18805328205053
234.00043266720922 242.47427493936948 249.46498835372222 245.3579245207775 210.53672849347413 204.71447043340368 260.2418430144512 279.3470568706598 270.66882594404115 224.1835901084205
234.00043266388047 242.47427355117316 233.60816978121966 245.35792452050237 209.35058769169382 204.7144642219837 233.76676396638413 279.34705296254106 270.6687781153596 224.18359009841606
232.78149706158092 231.16092174909772 233.60801364883218 232.9599430268413 209.1753237534349 204.7144642219837 233.76671803271847 279.3470506234653 270.6687761819362 224.1835900984056
232.78149704586303 231.15923370240944 233.60794561899638 217.45373477762905 209.1753237534349 204.7144642219837 224.95573755653868 234.56430455946247 260.9580683020081 224.1835900984056
232.78149704586303 231.15880507042584 233.60794470449036 217.45373477762905 209.1753237534349 204.7144642219837 224.95573755639316 223.5395332898538 230.09847848405707 214.50037278943682
213.22208286082196 231.15880466888575 233.60794469428902 217.45373477762905 209.1753237534349 204.7144642219837 224.95573755637724 215.3082792711557 230.09847848405707 211.98668798199287
213.16908830174407 220.72680368662213 233.6079446467652 217.45373477762905 209.1753237534349 204.7144642219837 221.32631511376985 215.3082792711557 217.86593532982624 211.98668798199287
213.16908830174407 220.72680368658712 233.2056699828322 211.0995193024596 209.1753237534349 204.7144642219837 221.32631511376985 215.3082792711557 217.86590688603383 211.98668798199287
213.16908830174407 220.72680368658712 233.2056699828322 211.09248966606856 209.1753237534349 204.7144642219837 221.32631511376985 215.3082792711557 217.86590688603383 211.98668798199287
213.16908830174407 220.72680368658712 233.2056699828322 211.09248966605037 209.1753237534349 204.7144642219837 221.3263151137612 208.99448527191953 217.86590688603383 211.98668798199287
213.16908830174407 220.72680368658712 232.17154840518788 211.09248966605037 209.1753237534349 204.7144642219837 216.79125430157728 208.99448527191953 217.86590688603383 211.98668798199287
