20080.672810229556 17365.62832233415 26944.220105494605 20173.638916549327 20653.20595378002
15508.105212939608 14312.33235973158 13016.854591062656 14508.054639188871 15572.093067466056
15031.874112597987 14211.181888073446 12104.518562664944 13536.409713978032 14669.368643491678
14847.43318479104 14207.699590201024 11929.46415248426 13282.566401787739 14323.233955311316
14734.691556328355 14207.691433564207 11920.223149372374 13273.776454492294 14273.256946480182
14727.292420433401 14207.69143356325 11920.123605800054 13272.86938528794 14264.548284002034
14727.171544326353 13653.482193899934 11920.11900368772 13272.810289355479 14263.837321277944
14727.060016955496 13653.48203582695 11920.118932739439 13272.793645544603 14262.799598600934
14727.034746911275 13653.482035826924 11920.118932737227 13272.793447466924 14261.40518856459
14726.984107533528 13653.482035826913 11920.118932737227 13272.793441574326 14261.145741688746
14726.866624321716 13653.482035826913 11920.11893273714 13272.793418187674 14260.786631031151
14726.832702569624 13653.482035826906 11920.118932737114 13272.79340810419 14260.72009209184
14726.823325591715 13653.482035826906 11920.118932737114 13272.793408047859 14260.66418438427
14726.769942830295 13653.482035826903 10873.059836954366 13272.793408047739 14260.216866644983
