222.40397265996353 212.0893058817046 252.18431244790418 90.66158457918459 227.75705218327448
48.313077269479436 13.985950596773023 64.28308953318106 30.37192815620051 55.07682928077793
10.692392352882052 0.0 64.16777199674902 29.006157264778494 24.538408842885246
10.440182801532046 0.0 64.16776478757379 28.94476218421346 23.37455467311429
10.440182748723373 0.0 64.16776478021507 28.944762166728992 23.374544286653418
10.44018274872326 0.0 64.16776478021472 28.94476216672797 23.374544286648074
8.755595480680881 0.0 0.0 28.94476216672797 23.37454428664796
0.0 0.0 0.0 28.94476216672797 23.37454428664796
0.0 0.0 0.0 28.94476216672797 23.37454428664796
0.0 0.0 0.0 28.94476216672774 23.374544286647733
0.0 0.0 0.0 28.94476216672774 23.374544286647733
0.0 0.0 0.0 28.94476216672774 23.374544286647733
0.0 0.0 0.0 10.040646240807405 12.432683225256483
0.0 0.0 0.0 10.040646240805472 3.4755444542093983
