13975.437496991839 11866.960999187178 25153.649677255416 13477.649779488327 13212.730007923705
10868.525716779846 7455.6787895274865 15603.98830695133 9768.685434959618 9314.174201839729
10399.182376636323 6743.470489354063 10340.035436500091 8826.792854637988 8694.091088855668
10052.073938454034 6368.45089933564 9138.340083338508 8389.843053370949 8366.409916176848
9858.624610292038 6272.570369431142 8819.888665917553 8235.285644606995 8057.985386203563
9791.475118387738 6234.414500614611 8784.273566312526 8193.427675456935 8018.003397162205
9772.969486626716 6228.21685664521 8769.593023099986 8182.336091315736 8013.187394852084
9765.933571486063 6227.885578947043 8766.356758841259 8181.568793509206 8010.035661998751
9765.848111159534 6227.87620080892 8764.612766079425 8181.4487697211425 8008.62307672293
9765.605995084661 6227.871042553032 8764.208581667617 8181.385785476406 8008.215504053749
9764.406595798968 6227.870756976994 8763.90089440571 8180.278896405147 8008.1350625676605
9764.388987012235 6227.8702333833135 8763.776134632351 8180.2530639336965 8008.133563835498
9764.363289103956 6227.869929769583 8763.587394377239 8180.193506496149 8008.133175383668
9764.358048940403 6227.869615343094 8762.431496825606 8180.180335680496 8008.133035427043
