0.5054131812503329 68.31564453966371 391.0189902336906 56.69739790356789 425.93745640400175 377.0683182511175 193.21018359293294 32.23197860194023 194.676904316256 452.2790567424763
0.0 23.02388634578756 356.4156116532404 50.40454240268991 284.2442821403256 34.36498774813367 139.29517472700286 31.54019591024894 33.11326707207809 353.52806902019347
0.0 21.647353665181527 355.87023932398597 50.19662131424457 283.31432604417887 21.832758544962417 137.87441007537927 31.53904983613802 22.065440243678495 353.2189369522821
0.0 20.655370526971865 354.6369471797161 50.14412978784094 283.1939473998964 20.58239595079067 137.67961143581624 31.48189110444264 20.566197351474102 353.0541239518857
0.0 20.443005935461315 353.50344221182877 46.89315922836886 278.30827229176475 20.445917559491818 137.38392027549435 31.48016700549465 20.47799242991732 353.05258454228397
0.0 20.44193668114599 353.48870156916655 46.715168444393385 278.14135425489894 20.44551321005065 137.38387469658892 31.480158055862375 20.477884835608393 353.0525829511039
0.0 20.4419365706201 353.4886933577145 46.71516831219128 278.14119239259253 20.445513192847784 137.3838746888996 31.480158055861693 20.47788482968963 353.05258290739584
0.0 20.441936483993004 353.48869279429573 46.71516815813561 278.14119234952454 20.445513179259706 137.38387467999814 30.48285723096069 20.477884814864638 353.05258284963475
0.0 20.44193639085097 353.4886921245161 46.71516799986807 278.1411923014268 20.445513158736958 137.38387467341727 30.48285723075287 20.47788479812425 353.05258275735696
0.0 20.441936293361323 353.48869146583 46.71516785555514 278.1411922422808 20.44551312961312 137.383874654108 30.48285723075287 20.477884784833122 353.0525826796925
0.0 20.441936193326455 353.48869067794794 46.71516770793869 278.1411921960373 20.445513098614356 137.38387464222046 30.48285723075287 20.47788477471704 353.05258259980155
0.0 20.441936099210352 353.48869001277035 46.71516750386468 278.1411921352362 20.44551306820199 137.38387462860896 30.48285723075287 20.477884755303876 353.0525825206
0.0 20.441936011719463 353.48868933615313 46.715167330180066 278.1411920873338 20.445513049587134 137.38387461195703 30.48285723075287 20.47788474521326 353.0525824545566
0.0 20.441935880140818 353.48868840125306 46.71516718861358 278.1411920481403 20.44551303230446 137.38387459680598 30.48285723075287 20.477884733869587 353.0525823882308
