195109.47632622195 239911.755968378 309375.44711721747 220603.6725581622 134775.6701170621
144608.7911195129 161639.41620908558 189978.20557094214 122632.06876984292 114867.26389464305
109329.12478308883 102645.42525525231 141002.71096833877 99612.18740587216 103752.10463604846
75584.27790313613 68447.13134945971 105526.89516317949 69974.21095602268 80358.28897328457
27770.246313869353 35982.98601674984 56949.46196381995 26215.550158644935 50512.06684955205
11393.655209688013 13256.777997511646 15238.473006633752 8923.279130734563 20948.892138537933
4976.840279568572 6106.257111951886 9739.939930219543 3056.38219562218 9461.147962241796
2347.208909789912 3022.1625303240826 4359.340824710367 1159.608414109903 3695.8729131287364
745.7458974554204 994.1532291970143 1322.7221141954794 261.8732503118739 998.213108356384
14.424251853220085 193.8219944484888 302.4549621339286 0.0 422.3735075159244
0.0 0.0 0.0 0.0 0.0
0.0 0.0 0.0 0.0 0.0
0.0 0.0 0.0 0.0 0.0
0.0 0.0 0.0 0.0 0.0
