23873.13644903386 53166.245562603355 4931.487172692328 802.9170986251838 6734.631532915795 2069.0092713412937 5911.2682832652845 16877.59819621494 3998.215004963482 8137.741366239916
9630.971373643253 32746.592109975085 1676.075092093115 0.0 5912.426439706584 1079.287847041432 869.7593470059282 109.71606832884481 29.24769341023216 1957.4922710837195
0.0 24183.415366995425 0.0 0.0 0.0 0.0 121.65221837379431 0.0 0.0 1650.952608227375
0.0 0.0 0.0 0.0 0.0 0.0 119.77510326077345 0.0 0.0 0.0
0.0 0.0 0.0 0.0 0.0 0.0 0.0 0.0 0.0 0.0
0.0 0.0 0.0 0.0 0.0 0.0 0.0 0.0 0.0 0.0
0.0 0.0 0.0 0.0 0.0 0.0 0.0 0.0 0.0 0.0
0.0 0.0 0.0 0.0 0.0 0.0 0.0 0.0 0.0 0.0
0.0 0.0 0.0 0.0 0.0 0.0 0.0 0.0 0.0 0.0
0.0 0.0 0.0 0.0 0.0 0.0 0.0 0.0 0.0 0.0
0.0 0.0 0.0 0.0 0.0 0.0 0.0 0.0 0.0 0.0
0.0 0.0 0.0 0.0 0.0 0.0 0.0 0.0 0.0 0.0
0.0 0.0 0.0 0.0 0.0 0.0 0.0 0.0 0.0 0.0
0.0 0.0 0.0 0.0 0.0 0.0 0.0 0.0 0.0 0.0
