2893029.444878654 4490445.571390536 9327363.345860146 2673512.553593749 2625135.5734481895
1192417.1846094865 411711.10617060063 1072751.51652094 738862.3735383665 1238159.9612238116
1008937.8923763467 246044.74981551862 593975.5233702458 353231.4080705939 873735.2892539768
494893.7063320871 66443.97227793906 178846.3686575296 222927.2381143122 449506.0244614488
15559.83178387834 31755.890789395453 67407.87496949303 93809.36259538661 103303.0058069776
8913.927978246966 25442.412974083585 15381.714047055997 18724.195591186515 47490.09882017188
2703.269799073654 15558.855862177435 9297.429702132593 15655.450894560221 29780.564468310917
1551.4067861279245 3917.7666121154225 4657.620188128176 8392.758076024516 6984.04696564762
1063.6036633577173 2822.931956442797 1318.532660027457 4066.1464913676728 3479.3469976970046
622.3000501849347 2144.1773839953726 989.4052776855724 2685.558390276392 2768.132844701542
350.3566971348487 1145.0866344226724 916.4083656155331 1780.4308091802714 2157.870616635616
327.11793731645025 919.5451194935649 701.4848755804687 1237.3586857954283 1528.7391533752452
284.6783712929466 788.3479207551054 504.9328125884065 544.72098903898 1380.1464554205431
267.70755617875056 560.0410620460784 386.9058456788889 424.176027806383 1338.7839446114212
