6.51222316675051E8 1.0632336480330265E9 7.171060140115601E8 1.2553920759089537E8 9.183292786690884E8
2369.274079028452 27422.047336320997 14495.329208539328 3830.672888810309 10816.762679981532
460.0649827773382 1654.0904839046007 213.42212516289294 2040.873941445674 4340.684714463984
455.84676802209253 1629.846662997674 108.93790537076546 1975.7793891714973 4090.359249511911
21.672964832276932 106.19552223528223 31.727767449112292 31.902730074895715 160.81222599662988
0.002389536101560452 0.012072169496619267 8.75854657920172E-5 0.010723813949354621 0.04487896663022184
1.0919190174263349E-7 7.402879958817721E-6 0.0 3.2224855317508627E-7 4.017738319816999E-8
0.0 0.0 0.0 0.0 2.2159341028782364E-8
0.0 0.0 0.0 0.0 2.2081835027165653E-8
0.0 0.0 0.0 0.0 0.0
0.0 0.0 0.0 0.0 0.0
0.0 0.0 0.0 0.0 0.0
0.0 0.0 0.0 0.0 0.0
0.0 0.0 0.0 0.0 0.0
