132.86944429283267 43.58394445400836 37.357210496252264 105.85601566749938 5707.885450390881 256.56517939498826 89.79318098913791 115.31576985721813 87.77239028529084 36.87991440942369
6.041917549412574 2.4175525510395346 2.205015054445539 6.294356583546687 4284.906722081774 11.186768901765845 3.3924071303940764 3.2422367665999445 2.5676478009158927 1.4196819231747213
0.1978951079690887 0.10503209473881725 0.015048990916966432 0.30528776137498426 4161.0127369141355 1.035701381441413 0.31250194730819203 0.20584201849442252 0.1133796427843663 0.013625199920170417
7.5922112046100665E-6 6.550921293637657E-4 2.2885196813149378E-6 1.0549948638072237E-4 4118.069436006998 2.7983728614344727E-4 0.0015927561989883543 6.180478526403022E-4 7.443714648616151E-4 1.8834813772627967E-4
1.3904536899644881E-7 4.6151990318321623E-7 0.0 1.3486032912624069E-6 4109.843302048335 3.325430952827446E-8 1.971742676687427E-6 9.928271538228728E-8 5.299079930409789E-8 3.041986929019913E-8
0.0 0.0 0.0 0.0 4107.59543149276 0.0 0.0 0.0 0.0 0.0
0.0 0.0 0.0 0.0 4107.421290637706 0.0 0.0 0.0 0.0 0.0
0.0 0.0 0.0 0.0 4107.12297329822 0.0 0.0 0.0 0.0 0.0
0.0 0.0 0.0 0.0 4106.896235460753 0.0 0.0 0.0 0.0 0.0
0.0 0.0 0.0 0.0 4106.893966688942 0.0 0.0 0.0 0.0 0.0
0.0 0.0 0.0 0.0 4106.893048813169 0.0 0.0 0.0 0.0 0.0
0.0 0.0 0.0 0.0 4106.892641384213 0.0 0.0 0.0 0.0 0.0
0.0 0.0 0.0 0.0 4106.891905645625 0.0 0.0 0.0 0.0 0.0
0.0 0.0 0.0 0.0 4106.889404599113 0.0 0.0 0.0 0.0 0.0
