1086.015153329622 427.5357299797879 1641.566406527259 1052.3612146549763 948.6779734939446
930.8606677035077 358.8561132635132 1497.506632102084 947.7887626096513 827.7251226533535
911.9231667598206 356.76853214947687 1489.2244561104462 944.6353738903213 821.9559721291748
908.1532209435131 355.27683048870495 1485.3837832576232 943.3930835556962 819.2665265850724
905.5462971809093 355.21667801717786 1484.0458499099586 943.3334402467026 811.9931461267101
903.9184691978576 355.2161940956189 1483.738789730659 941.6016777461041 811.4267379455082
903.7750724391826 355.21619409553387 1483.7385494388345 941.601677334258 811.4223043533229
903.7280562851042 355.2161940955307 1483.7385494208866 914.791526674263 811.418694985588
903.5497533267717 355.2161940955307 1483.7385494138207 914.7915266690152 811.4186822678121
903.5434454132069 355.2161940955307 1483.738549411707 914.7915266690125 811.4186822209713
903.5430879856181 355.2161940955307 1483.7385494115124 658.4661715931793 811.4186821882063
903.5430874053968 355.2161940955307 1483.7385494115115 656.9196068849028 811.4186821854469
903.5430524006565 355.2161940955307 1191.768424127874 656.9196068745559 811.4186821840167
903.5430523887044 355.2161940955307 1186.2947488853956 656.9196068745405 811.4186821838825
