12.582255122947117 14.730354767817062 14.210562028953518 16.607452110722534 18.34365976981826 18.879520253657574 19.805299254935107 16.974984189765564 13.379634357838768 14.67017204579497
4.015062904237311 6.237096735214891 8.522298172596038 6.428336419585321 7.531416401022398 8.709285449047911 5.461759906303087 4.703983912898366 5.26144826792779 3.6979067989127543
1.3078014418888415 0.8136035353718398 3.7154685016616895 0.022450987189586158 0.8480089930490067 1.599005653419681 0.018652735721389035 0.028109056876019167 0.9450992515526195 1.4512743218688229
1.230724328733686 0.7812699640280698 2.243577740740875 9.757468433235772E-8 0.81465675819436 1.2919615880105084 1.1141491995658726E-7 9.932637112797238E-8 0.7796673669017764 1.4117843214839922
1.230723245151239 0.781269473647626 2.2435715482829437 0.0 0.8146566893424279 1.291961417462062 0.0 0.0 0.7796655082124744 1.4117840098620036
0.6840285702701294 0.781269473647626 0.28637688306298514 0.0 0.49846236701341695 6.806465216868673E-5 0.0 0.0 0.0 0.9362253503049942
0.0 0.78126947364035 0.28637688306298514 0.0 0.0 0.0 0.0 0.0 0.0 0.34739128279125
0.0 0.7812694736253434 0.28637688306298514 0.0 0.0 0.0 0.0 0.0 0.0 0.0
0.0 0.7812694736253434 0.0 0.0 0.0 0.0 0.0 0.0 0.0 0.0
0.0 0.7812694736253434 0.0 0.0 0.0 0.0 0.0 0.0 0.0 0.0
0.0 0.7812694736253434 0.0 0.0 0.0 0.0 0.0 0.0 0.0 0.0
0.0 0.0 0.0 0.0 0.0 0.0 0.0 0.0 0.0 0.0
0.0 0.0 0.0 0.0 0.0 0.0 0.0 0.0 0.0 0.0
0.0 0.0 0.0 0.0 0.0 0.0 0.0 0.0 0.0 0.0
