4158.184959561901 14134.034616038756 16432.137737469453 19547.55310309468 15583.671252067754 735.6267169364228 8897.242822411965 3788.596943306691 18804.060993042174 11412.740878291766
3594.448054952317 38.36032472297779 0.0 26.781281914056308 0.0 490.33483517567083 6774.513959757009 3285.2834655332626 18206.480360975063 0.0
3562.56225303638 0.0 0.0 0.0 0.0 0.0 1091.141955368585 3245.8567751224264 15629.76269555937 0.0
0.0 0.0 0.0 0.0 0.0 0.0 0.0 1387.7744607552004 0.0 0.0
0.0 0.0 0.0 0.0 0.0 0.0 0.0 0.0 0.0 0.0
0.0 0.0 0.0 0.0 0.0 0.0 0.0 0.0 0.0 0.0
0.0 0.0 0.0 0.0 0.0 0.0 0.0 0.0 0.0 0.0
0.0 0.0 0.0 0.0 0.0 0.0 0.0 0.0 0.0 0.0
0.0 0.0 0.0 0.0 0.0 0.0 0.0 0.0 0.0 0.0
0.0 0.0 0.0 0.0 0.0 0.0 0.0 0.0 0.0 0.0
0.0 0.0 0.0 0.0 0.0 0.0 0.0 0.0 0.0 0.0
0.0 0.0 0.0 0.0 0.0 0.0 0.0 0.0 0.0 0.0
0.0 0.0 0.0 0.0 0.0 0.0 0.0 0.0 0.0 0.0
0.0 0.0 0.0 0.0 0.0 0.0 0.0 0.0 0.0 0.0
