1136.636116730971 1447.1752796962674 1819.159518923022 733.7753936698332 956.4814623556072 1066.226018036874 944.7669200784321 1716.354415645726 938.7459404554438 1155.4202949684632
1056.5657644629218 1331.313415472111 1631.9944071843402 625.2850609567481 848.7585166331146 974.615037391116 851.8785560919509 1587.8316664222366 787.8740850328418 806.4583729586166
1053.9973534759379 1306.0390444136588 1631.26462235059 624.3505787560375 843.2656073724706 973.3514753446484 851.125183142367 1581.0078900793792 783.2548760432783 805.2378962902103
1053.692311601841 1303.7904265027364 1630.7438565197517 624.0465968733438 841.8299879865972 973.2699293032065 850.9523044277948 1580.0615116960253 782.5325486150259 734.872208337877
1053.4133912362195 1303.2041976238697 1630.634869817798 623.9078342374528 841.5416133285157 960.9490638291168 850.9377213319985 1579.9795589083005 782.3787509206722 725.0609701576823
1053.2490786219068 1303.1266421522623 1630.6288941693224 623.8772115487927 841.4138765478224 960.8945489742719 850.9345265421812 1579.8003113704826 781.8636301461702 724.7719764643584
1053.1566583431677 1302.1000436343406 1630.6288828977777 623.7709099785334 841.0522489466771 959.3352812186567 850.934526516663 1579.492581978081 781.8476273167698 724.765138352886
1051.587905733174 1301.1234604077645 1630.628882890816 623.7577839508062 840.9151602763814 959.305099611799 850.9345264812182 1579.4541147477344 781.8456790933433 724.7649181416441
1051.552235958423 1301.1175246989487 1630.6288828896768 623.7564270893058 840.9024937367612 959.3035970271285 850.5173557702606 1579.0369979261923 781.845642356484 724.7649166080696
1051.5520294964622 1301.1131332608556 1630.6288828896768 623.7562959325546 840.8918782417659 959.3035851972422 850.517104847459 1578.9504087831301 781.8456421557571 724.7649140228987
1051.5520279952634 1301.05011029868 1630.6288828896768 623.756171101058 840.8817682967228 959.3035850784245 850.5171048364195 1578.863744381762 781.8456385578684 724.7645948746067
1051.5520174988324 1301.0465678396322 1630.6288828896759 623.7561676336486 840.8814826388634 959.3035845777313 850.5171047940639 1578.728815173919 781.8456385405652 724.764566008067
1051.5520150251 1301.0449182533152 1630.6288828896759 623.7561654938254 840.8795833444265 959.3035836956701 850.517104765856 1578.5893630721193 781.8456385389709 724.7645463380513
1051.5520134688331 1301.0299718926713 1630.6288828896759 623.7561654122483 840.8791141039806 959.3035834650436 850.0243881286538 1578.5851053274323 781.845638538357 724.7645435463392
