5254.68913372438 5536.7301390790235 5706.2116921074685 3953.202617128196 5356.011598768981
4779.131682622591 4884.5883298787 5085.252263888854 3543.8424083987175 4578.337918739084
4696.806129680512 4768.616370003059 5007.855904477656 3453.122906544804 4406.84838566829
4660.233547359575 4712.762206437684 4886.714846110327 3400.7402297141207 4222.081170008574
4558.181357727644 4662.71959717476 4847.823951849012 3372.4755846781827 4081.2509660953656
4504.4665741954395 4572.550458140734 4806.274791682514 3372.215775033772 4006.3006982116513
4445.810355458855 4571.024961351442 4750.360453996539 3372.0482571386947 3997.0991642937397
4381.307948124019 4570.412301066572 4745.013229051816 3371.927136426746 3997.091251291773
4380.29793053532 4569.656108924186 4744.672158141779 3371.8924115005448 3997.087462570269
4344.215474476331 4569.605790524503 4741.286297388008 3371.88281891308 3997.083350244011
4344.197875403969 4566.707219086429 4740.686244066354 3371.879909246778 3997.0819097329313
4344.183635115445 4564.933070628547 4738.987803864167 3371.87773192421 3997.077059772346
4344.105932973288 4564.675549641336 4738.659562852271 3371.8750061565042 3996.7534642984356
4344.0713560368185 4564.266832026544 4738.443188802149 3371.8313182258007 3996.7371270685553
