436.2561538827267 276.0905312554296 248.99776603617693 304.6818376150932 265.4519593185928 320.69801086710777 268.68973695137265 256.1537188421021 269.611878319065 264.3681257125304
301.3066917910119 242.13999563542302 187.9407233104207 245.2138953075073 242.36717786589452 250.505120053449 204.65038663575115 181.00622813070868 241.59940698547143 171.48559027546844
299.3414397754573 240.58718475435808 187.74527706003664 233.88587106308432 242.3584956783261 227.3829818638137 200.75364720562902 179.80147104911975 238.21881387908752 165.81321606092752
299.3414289440593 240.58557313749407 187.7449202676189 227.9527864708939 242.35849557201664 227.3431272967132 200.6237713977025 179.79603764834974 238.21159854897633 165.80776544033188
299.3414289439502 240.58557313483607 187.74492026595772 227.9508255940559 242.35849557201527 227.34312729664362 200.623754999428 179.7960373577489 238.21159854832695 165.8077653931855
236.66675861220665 240.5855731348356 187.7449202659568 217.3681494565608 242.35849557201345 227.3431272966377 200.623754999428 179.7960373577489 238.21159854832695 165.8077653931855
236.66675861220665 240.5855731348356 187.7449202659568 217.3681494565608 217.39127050267052 227.3431272966377 200.623754999428 179.7960373577489 174.82642244512726 165.8077653931855
236.66675861220665 240.5855731348356 185.38906773805638 211.69447142741274 217.39127033803243 217.45057018676061 200.6237549994171 179.7960373577489 174.8264224451268 165.8077653931855
236.66675861220665 240.5855731348356 185.38906773805638 211.69447142741274 217.39127033803243 217.17196910349276 200.6237549994171 179.7960373577489 174.8264224451268 165.8077653931855
236.66675861220665 240.5855731348356 185.38906773805638 211.69447142741274 217.39127033803243 208.51502089277255 200.6237549994171 179.7960373577489 174.8264224451268 165.8077653931855
236.66675861220665 240.5855731348356 185.38906773805638 211.69447142741274 217.39127033803243 188.43966316725073 200.6237549994171 179.79603735774162 174.8264224451268 165.8077653931855
162.62003087993344 240.5855731348356 185.38906773805638 211.69447142741274 217.39127033803243 188.43897574506218 200.6237549994171 179.79603735774162 174.8264224451268 165.8077653931855
162.6198096875837 240.5855731348356 185.38906773805638 211.69447142741274 217.39127033803243 188.438975745059 200.6237549994171 179.79603735774162 174.8264224451268 165.8077653931855
162.6198096875837 240.5855731348356 176.6981782367625 211.69447142741274 217.39127033803243 188.438975745059 200.6237549994148 179.79603735774162 174.8264224451268 165.8077653931855
