1420865.7176869009 4435238.703123515 1176041.1869390074 3558071.532618862 5886002.376495534
570493.8056314732 477226.9880830798 804382.0886776485 1320920.394900314 1031057.9927010325
438417.6693090863 132962.1856175704 120037.33037761642 569890.868349076 511217.5483320105
401390.7104007231 116234.46934580703 91000.91391502658 178542.2537777563 402871.16865961347
58585.35093585715 84446.41338751542 36125.37002990364 37671.10484074596 95210.7794556835
40643.624309185034 29403.72976300139 13152.306997661593 20935.69029915824 48571.68635627157
24593.198885057616 14476.115071386552 7160.080757185173 10253.329543832573 23948.81088890296
8051.913361308172 9481.145022733217 6149.934170475679 6922.8344357377355 9803.3028290126
299.601875512506 9360.223094071353 4851.618078934439 2489.3473703286927 5298.207511711931
165.56954268212712 3958.618583010182 4179.146019180028 1800.948034974197 4057.189091576287
147.70586773894524 2046.5165997794643 3996.774308593498 1427.839792251681 1842.0921856533591
137.8307463532799 1441.554223351748 3894.3036286354845 1293.2095597456323 887.4542540613493
121.38898009309969 1066.2340598883575 1478.9788786578965 1227.2713351393763 701.9314323908193
111.53337846863337 742.4669054965734 1142.9178368724324 1120.4071862053734 633.4268851098177
