0.0 22.06030475927264 0.0 107.4962069278281 0.0 0.5872711008501028 90.25907229101995 0.0 64.48162915805096 0.0
0.0 0.0 0.0 0.0 0.0 0.0 65.61175600514889 0.0 31.723090117361153 0.0
0.0 0.0 0.0 0.0 0.0 0.0 65.23760931037305 0.0 11.900907913625815 0.0
0.0 0.0 0.0 0.0 0.0 0.0 65.2370348338518 0.0 0.0 0.0
0.0 0.0 0.0 0.0 0.0 0.0 65.14897530631697 0.0 0.0 0.0
0.0 0.0 0.0 0.0 0.0 0.0 0.0 0.0 0.0 0.0
0.0 0.0 0.0 0.0 0.0 0.0 0.0 0.0 0.0 0.0
0.0 0.0 0.0 0.0 0.0 0.0 0.0 0.0 0.0 0.0
0.0 0.0 0.0 0.0 0.0 0.0 0.0 0.0 0.0 0.0
0.0 0.0 0.0 0.0 0.0 0.0 0.0 0.0 0.0 0.0
0.0 0.0 0.0 0.0 0.0 0.0 0.0 0.0 0.0 0.0
0.0 0.0 0.0 0.0 0.0 0.0 0.0 0.0 0.0 0.0
0.0 0.0 0.0 0.0 0.0 0.0 0.0 0.0 0.0 0.0
0.0 0.0 0.0 0.0 0.0 0.0 0.0 0.0 0.0 0.0
