489.08283402412417 468.73654023026484 469.75742848367736 564.2366144770331 483.91806517405666 430.90161364627056 524.9081084563982 440.51380630778567 466.3693689009451 433.0221032472464
430.55157179762864 411.1157379811875 442.41188411186795 496.7123425227255 425.78639267784547 406.43332610602783 512.8105434956624 415.5863845321942 434.8239660257932 417.6793738039846
430.3343765631471 411.1156732953741 442.4067533949583 465.87832252666476 425.5211827292633 406.2701959555129 512.5147539041718 403.33180690599147 434.0739462994907 417.64869227096005
430.33274002653934 411.11567329404807 442.40675337254106 464.2509337075826 425.5208903755579 406.269924298917 512.5022946686913 403.25401579683194 433.9769849634099 417.6484303785114
399.72344193036497 411.11567329391664 442.40675337252924 464.23104414903855 425.52089033332595 406.26992429866004 512.5016101533115 388.9666506010949 433.9723604986925 417.6484303783682
398.48147844887853 411.1156732939121 432.03974408895374 464.2302930437745 425.52089033332595 406.26992429866004 512.5010326193201 388.96106058990836 433.96873053327 417.64843037836727
349.517443420169 411.11567329391164 432.0397440858087 464.23029228367204 425.52089033332595 406.26992429866004 512.5010152881459 362.2355500479621 433.968707267466 417.64843037836727
349.517443420169 411.11567329391164 432.0397440858087 464.2302922672361 425.52089033332595 406.26992429866004 512.5010145861379 362.23547084699476 433.9686748611325 417.64843037836727
349.517443420169 411.11567329391164 416.5030224674251 464.2302922672352 425.52089033332595 406.26992429866004 512.5010145787073 362.23547084699476 433.96867214525173 398.0491019244855
349.517443420169 411.11567329391164 416.0088183308626 429.09070120864817 425.52089033332595 405.9539940732584 512.5010145787069 362.23547084699476 433.9686675143789 398.0491019244837
349.517443420169 411.11567329391164 416.0084811679485 429.0848083395167 425.52089033332595 398.53350297226825 512.5010143126874 362.23547084699476 433.96866746688374 398.0491019244837
349.517443420169 411.11567329391164 416.00848106206513 397.7739700745624 425.52089033332595 398.5335029722669 512.5010143093914 362.23547084699476 433.9686674492632 398.0491019244837
349.517443420169 411.11567329391164 416.00848106206513 397.7739700745624 425.52089033332595 380.30957839634175 511.89479957491676 362.23547084699476 433.9686674491659 398.04910192448324
349.517443420169 375.9721230091254 409.0585291308398 397.7739700745624 425.52089033332595 380.3095767114446 511.89325695235084 362.23547084699476 433.96866744916133 398.04910192448324
