1.4431126975952363E8 3.900966587177043E9 1.8334938552087528E8 4.2015975051513845E8 6.051497082548809E8
3616.4096837940556 605109.457920128 4626.921145777362 28587.215150321186 38849.869860537154
3517.278334510287 381825.0689252908 3948.9138183971495 8711.41062018456 21041.505177182342
630.3849506341751 2065.1757105106026 1908.6386868861043 3369.730792252213 3386.998304818922
13.119709962921817 29.65914820543736 55.54152608488408 493.8246651990646 22.92180011679899
0.010580425870955423 0.016029190215107292 0.019849360193418875 0.11953815531198586 0.0025088124086920516
6.78353858063474E-6 2.259268730142594E-5 3.1842187041775105E-5 1.7142628774990953E-4 8.785019007007122E-5
0.0 6.35610746257953E-8 0.0 0.0 1.354474932213634E-8
0.0 5.992490059725242E-8 0.0 0.0 0.0
0.0 0.0 0.0 0.0 0.0
0.0 0.0 0.0 0.0 0.0
0.0 0.0 0.0 0.0 0.0
0.0 0.0 0.0 0.0 0.0
0.0 0.0 0.0 0.0 0.0
