3.5661663883809395E7 5.710934917894172E7 4.103863269671366E8 1.6470464783501342E8 6.057458343675263E7 7.959503692973857E7 5.023344458219856E7 3.049015513245605E7 1.5197047225891295E8 8.717130701515692E7
1146.2236029482162 1993.2618742442446 2150.4021222741276 302.14348196497485 1343.6072455871463 1809.2371087300885 1210.3783171160599 9435.378883778043 958.1990498574055 9104.141131557199
736.8547051417819 1864.3737764973234 2099.4257337223517 299.86815110506046 1278.7488633703322 1624.202062136988 863.83953045691 9404.382349879997 273.93202932539697 7944.740058135246
11.810768663573725 148.2513957495581 78.91502413678859 2.5259112538671644 1277.9812833486528 105.35682685359353 858.0063086534175 248.46518919938967 273.7714937719015 5520.997918318346
6.857341469412859E-5 0.002319634852995023 6.396502867858089E-4 1.9651404045362142E-5 5.970096944878378E-4 5.348731672114582E-4 4.360488244685712E-4 9.377670776444802E-4 1.116636691591566E-4 0.00383922341787013
0.0 0.0 0.0 0.0 0.0 0.0 0.0 0.0 0.0 0.0
0.0 0.0 0.0 0.0 0.0 0.0 0.0 0.0 0.0 0.0
0.0 0.0 0.0 0.0 0.0 0.0 0.0 0.0 0.0 0.0
0.0 0.0 0.0 0.0 0.0 0.0 0.0 0.0 0.0 0.0
0.0 0.0 0.0 0.0 0.0 0.0 0.0 0.0 0.0 0.0
0.0 0.0 0.0 0.0 0.0 0.0 0.0 0.0 0.0 0.0
0.0 0.0 0.0 0.0 0.0 0.0 0.0 0.0 0.0 0.0
0.0 0.0 0.0 0.0 0.0 0.0 0.0 0.0 0.0 0.0
0.0 0.0 0.0 0.0 0.0 0.0 0.0 0.0 0.0 0.0
