370.2824988400215 578.58054371247 672.1593641358068 409.0206695977022 480.6202370391004
200.1964185765887 196.2883133893099 270.58356487408264 156.56641890377819 218.7751864160865
179.31471819321496 93.9756182932042 125.24306071911747 119.65554369316942 176.14954286298666
178.3976570580212 71.37537626115704 103.21946363823076 107.9958245074613 165.74959740995587
178.39415649832358 71.13266316930185 102.97114119844468 107.94605070237185 165.65333438275866
178.39415649641626 71.13263989104303 102.97113773450099 107.9460495736979 165.6533311285582
178.3941564964132 71.1326398910428 102.97113773450087 107.94604957366778 165.65333112855637
178.39415649641273 71.1326398910428 102.97113773450087 107.94604957366732 165.65333112855615
178.39415649641273 71.1326398910428 102.97113773450087 107.94604957366732 165.65333112855615
178.39415649641228 71.13263989104257 102.97113773450087 107.94604957366732 165.65333112855592
178.39415649641228 71.13263989104257 102.97113773450087 107.94604957366732 165.65333112855592
178.39415649641228 71.13263989104257 102.97113773450087 107.94604957366732 165.65333112855592
178.39415649641228 71.13263989104257 102.97113773450087 107.94604957366732 165.65333112855592
154.51539262837946 71.13263989104257 102.97113773450087 107.94604957366732 165.65333112855592
