131.8129454539976 10.496834365842915 138.30428799697438 122.86048307358169 138.54973359417772 134.21881007869752 138.01721631462124 148.70958500118832 135.80957676745447 134.1351256459102
130.92477716135045 3.5766014305499993 130.06643982795094 115.07722141606382 136.7830423951732 120.72132687539215 125.50830976234784 140.77708358296013 123.77031344815623 129.07486405727605
130.9247743766755 2.8924936915163926 130.06643567053834 115.07722108461985 136.78303816758762 120.72124373270708 125.50782288727623 140.7766580297275 123.76993352945783 129.074853916517
130.92477437638763 2.6455234888030645 130.06643566988942 115.07722108461849 136.7830381671638 120.72124373124552 125.50782240806802 140.7766580252851 108.53108198969494 129.07485391492628
123.00363695477972 2.643311100059236 130.06643566988942 115.07722108461849 127.70153783200749 120.72124373124552 113.99004739958445 109.085311443931 108.17826607543839 129.07485391492628
123.00363695477881 2.643311098991944 4.41232431917615 3.0730194533152826 124.20563718847416 119.87673099190988 0.11260081016916956 109.08530589436577 108.17826607543839 123.74779561452078
123.00363695477881 2.6433110989823945 0.0 0.0 2.6024312987196936 107.29367494364624 0.0 109.08530589436577 108.17826607543839 1.5223143356411128
0.002031271540090529 2.6433110989823945 0.0 0.0 2.602431298315423 107.29367494364624 0.0 109.08530589436577 108.17826607543839 0.0
0.0 0.0 0.0 0.0 2.602431298315423 107.29367494364624 0.0 109.08530589436577 108.17826607543839 0.0
0.0 0.0 0.0 0.0 2.602431298315423 107.29367494364624 0.0 109.08530589436577 108.17826607543839 0.0
0.0 0.0 0.0 0.0 2.6024312983145137 107.29367494364624 0.0 37.844846608223634 108.17826607543839 0.0
0.0 0.0 0.0 0.0 2.6024312983145137 107.29367494364624 0.0 0.0 2.6024330085037946 0.0
0.0 0.0 0.0 0.0 2.6024312983145137 107.29367494364624 0.0 0.0 2.6024312982735864 0.0
0.0 0.0 0.0 0.0 2.602431298294505 107.29367494364624 0.0 0.0 2.6024312982735864 0.0
