4037.025250904602 2426.1455103318553 1100.3273781794214 3112.66439564341 2295.0540265505997 2358.589146359724 2287.6564262294037 5369.306193403516 3537.7196089789904 2404.0623836534432
2566.912352486896 1923.2272199796103 504.2169447829865 1314.612270003493 997.0411821916457 1985.025852579201 1668.657464421719 1429.127006531061 3040.964937343826 1757.448379238785
1900.7210420381116 1855.8019610626352 327.8661221268153 725.1324621268586 626.2671294458319 890.8214348537267 981.9555660195601 850.2774452475737 1547.5312875891914 1127.3442457260362
1162.6134379204923 1844.7022498401539 282.57412257983106 322.37388739711673 396.34762031072796 725.8184425591076 864.4462234754174 652.3963599692211 1277.2844389391284 1027.7291620407764
1078.819729003189 1825.0232379511772 280.4498589279001 320.7095364737406 391.7648362607663 698.9271770990372 860.5108388178082 625.845392517404 1239.2843582410942 1012.4527480756515
1078.5750199813301 1824.6619891775367 280.41397017434747 320.70775249054304 391.6835003727049 698.5689475207305 860.3477526444635 625.8276448188615 1238.858902517291 1011.9511394621582
1078.5740504290961 1824.6538169962755 280.4139690467598 308.7075393507089 391.68178700428757 698.5683898985385 860.3443857356438 625.8276446620894 1238.857409995011 1011.950449720903
1078.5740491232473 1824.6537592555678 280.4139690463621 308.7075392909587 391.6805533071597 698.5683890467728 860.3443052068719 604.6475766614144 1238.8574026818542 1011.9504466989708
713.1204676605507 1824.6537563948564 251.5037175198504 308.7075392907266 391.6805455000799 698.5683890462583 860.3443036052981 604.3832398689697 1238.8574026754186 1011.9504466963581
713.120467504742 1824.6537562644671 251.50371751060698 308.7075392907266 391.6805451758423 698.5683890462583 860.3443035592809 604.3831820284836 1238.857402673214 1011.9504466963581
713.120467504742 1824.6537562639387 251.5037175105681 308.7075392907266 345.0193379003749 698.5683890462583 860.3443035592234 604.383181984037 1238.857402673214 1011.9504466963581
713.120467504742 886.8362047475421 251.5037175105681 308.7075392907266 345.0193375601377 698.5683890462583 860.3443035592234 604.383181984037 1238.857402673214 1011.9504466963581
713.120467504742 886.2145168044453 251.5037175105681 308.7075392907266 345.019337558389 698.5683890462583 860.3443035592234 604.383181984037 1238.8574026729834 1011.9504466963581
713.120467504742 886.2145068625521 251.5037175105681 308.7075392907266 178.98520376033048 348.1804667713036 860.3443035592234 604.383181984037 964.266814197272 526.2666518176788
