56990.55283384071 55034.113095965964 47750.41396306209 41373.51024924606 38218.50485556166
6427.684969382793 10305.244802952817 10473.961203773928 7443.20902794024 6915.30287213547
2944.9236819158614 2233.118705298173 4509.459195003868 5397.859607371977 2753.294825571607
1023.2563961986198 1078.519968369431 1895.714425109939 2763.0399802805855 1017.5435285806107
599.8550369545314 848.8719093720533 1271.2831644320968 901.182966966096 686.0403713171404
550.1301060458536 763.9885400270487 1150.7279361304154 654.2214299204502 679.6670882565413
548.0282003369209 763.4467648799116 1080.6142013373628 652.3119682857559 596.1604001762817
500.700681744381 763.2598834292464 1077.1096868002896 651.9482231972377 590.2016732971608
497.008219048651 708.071545939662 1011.0597491176072 651.935263643714 585.5215742116893
495.8965365663944 694.7788392926145 1010.1411246067541 651.9348037137408 584.5637011327585
493.5134185486313 627.6155444037695 1010.1159230882449 651.9348000875993 582.0270793555705
492.25396602770206 624.9334790380137 1010.1131514948192 651.9348000073769 581.925721324701
492.13102631523816 624.5873587904412 1010.1126357236203 651.934800005422 581.424552081284
492.12158177273295 624.3831865548464 1010.1126241026263 651.9348000052457 580.8866816639361
