3883.4963418540947 4484.478946140353 3037.777445493075 4222.132605865169 4364.242737426754
3377.040610981371 3709.365068430815 2760.205921432331 3822.467704975834 3839.2527101229343
3289.7287066777117 3544.8663064733737 2717.412007053448 3787.353318316629 3793.355274901921
3256.100011055448 3512.6641224484374 2676.9078544155936 3752.9648999551573 3758.606609303264
3227.6185251303523 3485.9422908083916 2634.516334448821 3735.4023487232917 3744.5866047523896
3223.4485211670017 3484.9609447460707 2611.7361924636116 3733.9756794586538 3743.976705595688
3222.3225091501463 3484.9222074423396 2608.8209693084164 3728.237233857689 3743.951132511451
3222.216413297362 3484.917411509051 2604.6984711934683 3725.17589514057 3743.9499402386873
3221.182734180198 3484.915631890188 2604.0169189949365 3724.6347037633286 3743.94972810171
3220.393192088208 3484.9153705339586 2603.9638196213646 3724.566415076506 3743.9497265247483
3220.237655670455 3484.9152368948653 2603.9256649099298 3724.5036801389124 3743.9497265189493
3220.1885750302426 3484.9152267099435 2603.880875107572 3724.484357242174 3743.9497265188056
3220.1464871801727 3484.915224775461 2603.810981159775 3724.4790340828167 3743.949726518802
3220.132426607275 3484.9152108173603 2603.76498977774 3724.476410076687 3743.9497265188
