17021.46335329138 10822.11186562174 5201.981533823486 51658.207805637125 20676.219651095234 65227.7117377402 9262.754941341089 59404.472471202025 48413.18354642271 42998.0833493464
841.3674880813355 773.8519997971548 654.887304521465 967.4691564640652 484.2291974753671 29471.091901319054 3946.909038561789 10629.944925473934 2091.1441491101727 2053.7218440155216
641.2419241319562 499.7832266058931 284.1309303020903 128.1698982902824 260.32251606128784 29406.322618514536 3763.0161343263944 10351.556933473847 1107.4450291571434 611.0456945916608
574.2210982413299 372.79175437304434 234.29320226503978 31.71606131507633 256.3456485803433 29317.755163861726 3646.0755930897367 10212.520376719049 60.600067584733324 462.82120765703803
573.1416035184429 371.5825160891077 233.42095895572083 29.44462421207777 199.1186858517417 36.64878196761856 3603.5770749962103 303.0139656173519 25.659524952442553 462.1517543584473
569.8448225371412 366.63935434138034 231.48898695696016 27.716993231940933 189.2421841523826 17.790045514645954 47.021228731455494 76.32979389812817 20.99303899195843 461.1429561295399
568.7159221920224 366.5370494254289 231.42528727940112 27.68480103598472 189.09904773796825 17.783742574749795 41.73252248665426 75.6484248893546 19.820989038760672 460.8680889975062
40.984566863864984 361.3518502161987 231.33342967236104 27.68186464262544 91.1971580200352 17.447250830452504 41.664437420753075 75.44469704913035 19.659723005004025 460.3234804626427
40.895977331315635 210.5524464638611 231.23474604474768 27.44331357018541 33.81634001529369 17.326338569295558 41.66375964414874 75.44263017110643 19.63124235950022 0.0
40.39191373348376 210.5416823475498 231.09971640671392 27.44167164634132 33.63157466665598 17.32621199566779 41.64511015182984 75.35724229799848 19.629701458573436 0.0
40.37223416485017 210.53673739947726 21.057395127207656 27.441597677666778 33.62437101513842 17.32409996164961 41.645074119419405 75.35698147776975 19.62918154926865 0.0
40.371937778322035 210.5353215045625 20.954444668087945 27.44158860486391 33.62227260169402 17.323875570966038 41.64505600751272 75.35698127858109 19.629179782328947 0.0
40.37190986551582 210.46513675232836 20.89798702406688 27.44158780334942 33.62180661773459 17.323868068413276 41.64505401491601 75.35698123745647 19.629106644457806 0.0
40.371905936797475 210.46507493256786 20.693912660487058 27.441587102247922 33.621780981621214 17.323867926362027 41.64505208099558 75.35698119985955 19.629039373053956 0.0
