87543.7257243525 116972.33041993865 114284.18559055739 116959.54838699392 97258.22695551466 150370.47843619157 106349.22669865626 105385.45319089192 75673.85629243392 94772.48749740995
77517.63478556453 72181.39840109162 75831.92559935662 58506.286851573714 53755.87008224648 70859.3891097402 53115.26535964149 51674.46326013784 58127.94141405383 46925.78872606785
37438.50271255115 35591.86189398192 35638.74657630514 22598.082470029825 29925.79642219279 61234.82734524614 36363.412128481024 37678.52777193653 33225.79662516712 24637.10352044953
14003.545434643445 21354.22163160479 13128.760308026202 9247.273581326654 12081.658514867693 46665.54127190434 22457.558170379933 26681.323522171777 11715.513035270573 14968.43729292303
1399.2519860804703 3054.4445556097016 4461.918435744882 1557.6187179585595 2758.6253800798763 12930.802013030703 6658.808241130589 5239.756900191334 5486.381730421423 3125.375208687134
0.0 0.0 0.0 0.0 0.0 245.5725502272603 77.03555074628741 11.033949249222246 0.0 0.0
0.0 0.0 0.0 0.0 0.0 0.0 0.0 0.0 0.0 0.0
0.0 0.0 0.0 0.0 0.0 0.0 0.0 0.0 0.0 0.0
0.0 0.0 0.0 0.0 0.0 0.0 0.0 0.0 0.0 0.0
0.0 0.0 0.0 0.0 0.0 0.0 0.0 0.0 0.0 0.0
0.0 0.0 0.0 0.0 0.0 0.0 0.0 0.0 0.0 0.0
0.0 0.0 0.0 0.0 0.0 0.0 0.0 0.0 0.0 0.0
0.0 0.0 0.0 0.0 0.0 0.0 0.0 0.0 0.0 0.0
0.0 0.0 0.0 0.0 0.0 0.0 0.0 0.0 0.0 0.0
