2506670.5748205967 1215864.9676023142 5591103.050679082 1.131775968653842E7 452829.0678214956 1826964.502018493 409873.99637233303 1400868.4609326913 9619726.720184067 1.1015838614230037E7
23438.141845055656 22582.7139871441 18916.18771922155 63017.860208958155 3252.010650471343 18400.028375398113 18060.785512255185 32624.24709952331 46930.32150473584 2878.2324171563387
22984.218574279526 3975.235707093563 4554.143833763572 34328.0580042527 3181.560033553822 16956.30410430304 16980.20165290337 8008.648571879814 39858.01483612154 2185.1157517894108
22952.49948032187 3694.1304310502273 2471.439011952697 33992.21031794736 3093.8993495366412 8876.998736588299 14686.02457616552 7664.998459502804 39310.6483772693 1877.7850792284512
8491.403317868868 107.00728260580809 647.2963912352343 1172.6733849840793 825.0049258806584 1194.7279323907305 2166.2996466577943 4247.386995894698 25.490267638868318 536.7591526828871
469.54376839033876 30.910830929999975 593.8496337206063 356.92455666093474 770.8360710050024 256.61539429851064 0.0 45.96808070404222 18.858738368618333 472.48778378998463
468.5244335337552 30.91082769994682 593.8493446277985 355.7509477086305 770.5786274955676 256.6145418446754 0.0 45.82273870537074 18.854620583813357 472.4875747114679
467.8794515055283 30.91082769994682 593.8493445845729 355.7415539446429 770.57104376703 256.6145418446481 0.0 45.82273870480867 18.854620583729456 472.48757471145336
467.8337827634391 30.91082769994682 188.0633356204853 355.7415423971979 770.5709838560797 256.6145418446481 0.0 34.12132852909804 18.854620583729456 387.0068232211993
467.8337758493192 30.91082769994682 167.59844490044725 355.74154124089773 770.5709837829913 185.76513470458735 0.0 18.855997233705693 18.854620583729456 131.23613267993528
467.83377583347783 30.91082769994682 161.1297488034511 355.74154112895326 770.570983778835 185.52732376153358 0.0 18.854620584789473 18.854620583729456 131.23605973343297
467.8337758329035 30.91082769994682 160.7399515645875 355.74154111667895 770.5709837788263 185.52711307517848 0.0 18.854620583731048 18.854620583729456 131.23605973343138
467.8337758329035 30.91082769994682 160.73964024412294 355.74154111633334 770.5709837788263 185.52709624197405 0.0 0.0 18.854620583729456 131.23605973343138
467.8337758329035 30.91082769994682 160.73963893751397 355.7415411163065 564.7740125429823 185.5270950762324 0.0 0.0 18.854620583729456 131.23605973343138
