47397.46269018822 22860.695425225662 20409.7939098034 35503.89749287163 36928.241257067835
11673.28444301432 17549.6374376114 16091.78477044281 9610.279223421589 16314.940708633494
11626.743473210781 17529.829975796092 16062.640830487358 9597.922526763197 16297.239479508527
11530.446649149351 17517.29118456742 16047.119404073645 9596.102183521789 16295.162571931796
10.710229593787062 6449.50503954562 248.90632277004715 9595.136304032856 55.77829648356919
0.0 0.0 66.76130505463289 23.11699895538277 50.17350664916012
0.0 0.0 66.7005840775173 20.946689902911658 50.13259797716
0.0 0.0 66.69951884818965 20.914282645574303 50.12894401868607
0.0 0.0 66.6950861940295 20.898931272567097 50.128804687110005
0.0 0.0 66.67260354676864 20.895021474518444 50.12875278588854
0.0 0.0 66.66183884137354 20.894898660853414 50.128728030169896
0.0 0.0 66.60524539061771 20.894865328432843 50.12867916655068
0.0 0.0 66.43809671481176 20.894837543669837 50.127998526871124
0.0 0.0 66.07953772370001 20.894800718610895 50.127025683296324
