2048.9739606250396 1066.9085135116525 1179.7583246549377 1595.891840465967 1175.3599657626676
475.7099999960674 453.2386707550512 300.81217378944564 541.2394845846256 413.147193776549
341.08929489992715 268.21923812642854 190.78593529551495 387.5449396993972 278.4711595651738
197.14954594290953 162.9294017005659 149.68185386679602 272.5660900017117 229.26639549407275
153.8524964576328 134.89857708830402 132.69802728628383 252.64111973295314 171.25385820407564
119.11499733992798 65.18882176716124 99.02827385014211 208.4984287694018 154.61614197777908
103.25685931523981 61.04744488464894 91.20340533318995 183.75719553954036 146.21176668732926
96.15507981695805 56.995508265820376 90.129909067619 180.2998469891138 142.28159476715325
95.66172334699206 54.443611537443076 88.79512845663783 50.42603180492233 138.6259696224556
93.51464681334733 51.77510942610161 88.45353256423675 45.49991006066432 132.47746410149364
90.6266488754568 50.34260480640717 88.32305489495002 43.402560865649775 130.216261887746
88.42263375528069 48.82213681717906 87.41783698168558 42.5855623303853 128.5927687854596
88.29171487987571 46.75587198121207 86.26806016688693 41.7795490521288 124.29015890190465
88.20343266121597 45.11556279848378 84.30986636316413 40.59515548196259 122.80855202293765
