6624278.857214526 621261.6766013461 1845395.6236822004 2228788.1641580956 301763.16537592263 3654141.3948327084 980426.6251717566 4968290.246181343 8249083.777314582 536417.7177774659
70493.97088573888 119296.30261669288 663307.1196190101 175808.128875879 113322.81730424202 571059.3390099686 49925.90835613309 260280.88285083615 244769.63733094092 65404.63012329515
61812.39894573814 29646.404204999955 73907.72666456757 39195.55501136236 41653.45608720379 75437.39935691086 31291.6110832774 63395.15450793055 42246.89911506702 42845.829801930435
27469.19747137432 27353.316385576374 42094.32266327489 34089.80979155536 35599.01465271276 71453.12870770387 30516.351607696073 50717.17281261765 24736.295565488523 28724.24267668044
18382.331000469174 10957.220265756994 30419.49956254951 12746.828432495073 13896.303294623107 19810.511762399576 22208.689069795168 44334.478653829 20285.39482102161 12630.995624552099
9675.01524139211 2355.9830245452567 17499.305203700947 2200.159671044332 3501.7556156886358 3770.6858468345554 6107.575173137366 3594.36118071883 9927.488206376196 3086.9414026354807
6671.649257443594 1593.308606093773 3064.8425488766006 236.26802774030148 1507.4528285835231 214.0752818269616 5282.233824413685 769.0311049602315 249.0551790708546 1750.3453254057558
6194.08588102987 1534.267097821029 1256.0274959318385 67.7188972682568 298.17032735140174 68.19720955444973 4704.208566299311 611.7340044988468 165.73161681165448 1120.6082279672269
5843.140126956943 1501.1889964999373 1200.2641721177897 29.39621297389681 63.94162170469349 28.001420320409352 2081.5019234539423 438.20842522124167 157.86199927803364 623.7932622609565
2358.1673435116263 1371.8706179799774 854.1989341347353 25.90871352000545 49.21954217730354 22.87827259945425 3.234649947194839 12.321659037742393 120.56119364849133 174.24526539229282
439.08583899151154 1238.9395185020066 838.4324834190502 22.857515930782938 42.69845239428787 16.978267296211698 0.0 6.622980136055958 113.33368164416765 33.521035123507545
256.7346364898867 1159.6499612463986 805.7955432105264 12.805900758305143 36.73422221251599 0.0 0.0 0.0 111.95492441980491 30.9010499994979
250.7876854237279 47.71815424043962 730.1719343962814 3.1653736081989337 31.105749426844113 0.0 0.0 0.0 102.77782915448915 30.06216064123032
134.97795239833385 18.157444482810888 206.13608355875294 0.0 17.49014879214974 0.0 0.0 0.0 76.57237941827952 26.568983014046808
