13872.096489105727 16627.852441369578 12875.520130125085 16685.684811656298 17118.1451778177
10598.619372053316 13153.345195080485 10373.787635174966 14065.74021342925 14376.996573945253
10329.326822945837 12554.042251020954 9960.063640920225 13709.159503348936 14067.473332498426
10310.565163261865 12509.009177964952 9842.916588530206 13680.670315984986 14042.443511944886
10310.464642488687 12508.586855403271 9842.85421295126 13680.438063922078 14042.247097951371
10310.46464246828 12508.586855398004 9842.85421291011 13680.438063665295 14042.247097564155
10310.464642468265 12508.586855397989 9431.345287887203 13680.438063664527 14042.247097564119
9659.773121024507 12508.586855397989 9431.334592207631 13680.438063664522 14042.247097564046
9659.723697111585 12508.586855397989 9431.334592206644 13680.438063664518 14042.247097564039
9659.723696391971 12508.586855397989 9431.334592206615 13680.438063664513 14042.247097563984
9659.723696391953 12508.586855397989 9431.334592206575 13680.438063664511 12978.942310061968
9659.72369639195 12508.586855397989 9431.334592206564 13680.438063664511 12978.942309964019
9659.72369639192 12508.586855397989 9431.334592206564 12605.947225734499 12978.942309963979
9659.723696391917 12508.586855397989 9431.334592206564 12605.947214587095 12978.94230996392
