290.1968166257707 447.8830802102718 324.827493862314 390.73472722661404 486.4095842460174
203.16461493166696 266.00172872600365 221.5131508979115 199.1167027641319 349.39427141068995
202.30691933654293 212.01020700652145 218.9455295385344 154.11330526661231 348.23298112603015
202.30189216095005 208.9405082950957 218.89428513568987 151.23411958735483 348.2328802335396
202.30188948447096 208.940456310645 218.8941518928243 151.23331196856248 332.3141029622907
153.54961572230525 208.9404563105877 198.99507699331934 151.23331196856225 332.314063700057
153.5496074157527 208.9404563105877 198.99507690980818 151.23331196856225 332.31406370005675
149.5697762473003 208.9404563105877 160.19270510407182 151.23331196856225 332.31406370005675
149.56977622519832 208.9404563105877 160.1920484937059 151.23331196856225 332.31406370005675
149.56977622519832 208.9404563105877 160.19204849370522 151.23331196856225 332.31406370005675
149.56977622519832 208.9404563105877 160.19204849370522 151.23331196856225 332.31406370005675
149.5697762251982 208.9404563105877 160.19204849370522 151.23331196856225 332.31406370005675
149.5697762251982 208.9404563105877 160.19204849370522 151.23331196856225 332.31406370005675
149.5697762251982 208.9404563105877 160.19204849370522 151.23331196856225 311.42000929100095
