1374.5921277986672 1314.2104711844831 1389.9067379463745 1530.997500119891 1789.4917397516356
1211.5898850083763 1178.527733070835 1215.7186447994281 1357.884578856178 1569.4904079551443
1188.9782381015566 1156.766856594828 1198.2373452874608 1296.2134064400752 1542.3944193173265
1173.1841427718791 1141.9892610238649 1167.5028719205893 1284.4431900245409 1528.2707467073924
1144.8459334861332 1138.8900234474195 1152.9154725409226 1277.724975168726 1526.4194341599741
1144.058806004126 1134.2199782339994 1143.0391146146658 1276.634846520119 1525.5148678205187
1143.9033884154555 1130.5067221970703 1142.5542360916224 1274.8326959365745 1525.3424988360075
1143.271727446794 1130.21218174777 1142.5190818419683 1274.4447949594232 1523.0066668662112
1142.9648386708686 1129.9222637099551 1142.4946178603218 1274.319516164348 1522.8532499753983
1142.9342178766392 1129.6112470078915 1142.4661878915667 1274.2895925590074 1522.4550751753331
1142.9260582032157 1129.5794295893083 1142.4622062031185 1274.27731108656 1521.5423760503945
1142.9206522052796 1129.3202962510868 1142.44690837489 1274.2766304770312 1521.5004794805982
1142.918536969003 1129.0538607563103 1142.4310720239764 1274.1810953181975 1521.1998083066846
1142.9110372606574 1129.0395077054645 1142.4100975568708 1274.1715234541489 1521.1500733619905
