952.2047389973523 991.3486337451986 1010.5672304877596 924.0018346712809 874.1603968211721
637.915214517348 732.139241581287 854.7807722545485 587.5264757604418 523.5118515148451
263.42899303458034 312.47801648894017 492.04246834235437 239.81959385258483 239.70990531749487
210.35866560620389 188.14378941313964 263.51757779358695 154.99576655099509 195.05439361527942
208.73091636352183 186.73289018612513 259.91672082008654 154.12878404964454 194.54242067555572
208.7308286734699 186.73285812804124 259.9166733156725 154.12876414619677 194.5424116393117
208.7308286734675 186.73285812804102 259.9166733156718 154.12876414619348 194.54241163930988
208.7308286734667 186.7328581280408 259.9166733156716 154.1287641461929 194.54241163930988
208.73082867346625 186.73285812803897 259.9166733156716 154.1287641461929 194.54241163930965
208.73082867346477 186.73285812803897 259.9166733156716 154.12876414619257 194.5424116393092
208.7308286734642 186.73285812803852 259.91667331567135 154.12876414619257 194.54241163930885
208.7308286734642 186.73285812803852 259.91667331567123 154.12876414619245 194.5424116393085
208.7308286734642 186.73285812803772 259.91667331567123 154.12876414619222 194.5424116393085
208.7308286734641 186.73285812803772 259.91667331567123 154.12876414619222 194.5424116393084
