723.9963613988111 586.8363435035599 628.0381242651133 620.7262206656837 647.0038734015388
549.693896126163 464.3938801282434 482.9446461491384 492.41760883665575 491.9242210564116
518.8551026297196 446.86844193359684 431.7429629431381 440.46785952128903 422.38863753388887
490.3413318651342 412.20789114982836 413.11746263506757 432.1129092734204 411.44045176564396
466.76781156898414 405.0935381893346 394.15181609130286 421.3523762488858 356.2479997236055
466.6400212024955 377.9806853981686 300.00000328464466 415.718872722734 300.0000007989297
466.64002120248915 300.00000022188215 300.00000000000273 401.227623834488 300.00000000000273
466.64002120248915 300.00000000000273 300.0000000000018 309.47051650725734 300.0000000000018
466.64002120248915 300.0000000000018 300.0000000000018 300.0000005236275 300.00000000000136
466.64002120248915 300.0000000000018 300.0000000000018 300.0000000000018 300.00000000000136
466.64002120248915 300.0000000000018 300.0000000000018 300.0000000000018 300.00000000000136
466.64002120248915 300.0000000000018 300.0000000000018 300.0000000000018 300.00000000000136
466.64002120248915 300.0000000000018 300.00000000000136 300.0000000000018 300.00000000000136
466.64002120248915 300.0000000000018 300.00000000000136 300.0000000000018 300.00000000000136
