1320225.1719135074 426742.6541542836 2326206.504232552 324307.7807570934 398295.99051927216
48724.77588654947 42365.93958986038 12776.2644081275 34202.862634888705 19675.97462570519
12559.879547234967 6157.311781784147 6659.427645977483 6385.01429886404 9879.36533698543
6249.951301432879 4350.34454789709 6105.734714274593 4876.242398395962 7548.898873055925
5312.465649329522 4080.960232617729 4820.510947902047 3880.8982440963073 6513.146065702069
5084.585411055251 2442.126966879895 2506.1118326849937 3541.8240853850693 2350.5819024225093
2901.9931219392192 2415.13279854393 2493.1967804324204 3541.823849150276 2251.1493877866915
2643.450962335337 2415.1129031686614 2493.196388094645 3541.822965506427 2245.7433890784723
2313.135022400198 2415.1017912364505 2493.1961562163706 3541.8228249927542 2245.7411639549537
2313.134512363249 2415.101785753731 2493.196112972976 3541.822740375648 2245.7409739054956
2313.134452834095 2415.101742302675 2493.1956375473947 3541.822733961407 2245.7409691154935
2313.134355719859 2415.1016515975807 2493.1956316102487 3541.822725952361 2245.7409311131632
2313.134319042737 2415.1016060456823 2493.195147043346 3541.822687721193 2245.740918177298
2313.134303264147 2415.101424095328 2493.1950901259306 3541.822682203272 2245.7408916606746
