12805.890921309088 98704.28743396295 638147.8024446743 20029.485218354002 332385.67327736487
4004.550608220733 298.5332749656359 786.1855751617227 12049.685815733988 4388.892731409027
3988.8531665061373 240.72475607264232 335.6090955463842 11967.966699601327 4312.230698426808
3984.4118723053653 225.48085860352512 300.1627535560938 11944.676747168383 4304.979586070646
92.37179721512462 223.9344936097832 293.7972224580076 822.2588826694837 4303.387559954859
77.08745604967112 223.53153372770657 123.46926799332664 107.86382097427486 140.24422240065132
76.86582858444535 222.162329347962 123.10672155981933 107.84388773309911 133.091906655799
76.83614501571492 88.25591347443674 122.82164959200827 107.84265860898176 133.06771792911627
76.83592613756468 86.27203633564432 122.77382667283518 107.7913434415243 132.45400969879256
76.83591949538595 86.19064850312407 122.75563347176285 107.78992770133846 132.44397795923874
76.83574857563235 86.17523580667853 122.75533708364537 107.78982174783619 132.44347616747837
76.83551355565965 86.17029721205859 122.7546995158657 107.78981345403668 132.44112462741964
76.834941674339 86.16851014397048 122.75437871307736 107.78979928087392 132.44002494189976
76.83451123400073 86.16743707446062 122.75389159873816 107.7897914916125 132.4399659741007
