1140.9256198057692 1191.365704182671 1516.5710510428835 1295.1111471043428 1271.8314076463107
681.2439235309821 730.529904238284 817.805877159944 656.0410266879499 667.0910310118866
612.5249939524883 666.3721653329308 726.6337639572566 603.4250356698917 606.0524061906999
593.2534931124683 602.5126514839149 653.8767650782565 542.5732502305718 592.3571597016385
585.8300199018099 578.1433639163929 582.3040092487913 514.7890190303324 585.9733558992848
537.2504122767173 577.2442128996631 581.9714248912915 460.16211882716016 585.8389447358431
536.9797118884189 577.244212899508 581.9714248912887 460.16161974595434 585.8389447358431
536.9795479070413 577.244212899508 581.9714248912887 460.16161974595434 585.8389447358431
536.9140997678701 577.244212899508 581.9714248912887 460.16161974595343 585.8389447358422
536.8533814284865 577.244212899508 581.971424891286 460.16161974595343 585.8389447358422
536.8533814283655 577.244212899508 581.971424891286 460.16161974595343 585.8389447358422
536.7502047747485 577.2442128995035 581.971424891286 460.16161974595343 585.8389447358422
533.8535181466641 577.2442128995035 581.971424891286 460.16161974595343 585.8389447358422
533.6999147886386 577.2442128995035 581.971424891286 460.16161974595343 585.8389447358422
