36581.879027047165 57274.894191926265 61877.796792793466 67332.82404642196 68325.31313786497
8445.953696719243 16250.324014314472 10526.896838504506 14207.374781152426 20283.95062861154
3987.719578589442 7670.301325823046 3613.7034733244254 4923.984725724352 5519.229685952618
1157.8885515789675 1931.8949115711166 1464.362675348999 1248.053924976317 1691.5506661275872
631.1705691022637 1079.6447482838848 685.0680962028978 720.2139815820542 863.2955162984254
491.2949864235645 1020.5961908894469 602.4773761212782 660.1878627939873 776.0686515672623
481.58011476018373 887.8217102835579 599.9617066808769 593.3223404719997 729.1829546788658
480.9126171169546 860.11187941967 593.282556219707 528.2194185143048 728.7264878689102
480.5836918695202 855.1827784022414 593.2735892974101 525.6207897276022 728.726152415175
480.5767197252169 854.9086597155465 593.266064948438 525.5114376252061 728.7261522125261
480.57663748498794 841.1513597565411 593.2660332604335 525.4023308302176 728.7261522109932
480.5766228490743 787.2449573491865 593.2620072280977 525.3593374255347 728.7261522109789
480.57662043955975 785.6752623335278 593.2620068162273 525.3453590307704 728.726152210978
480.5766203885696 782.9983827991482 593.2620068071428 525.3428739340161 728.726152210978
