794.5727553137972 317.02913206617814 1075.6182989996187 474.14653513611574 1053.6087917391533
723.4391613696762 198.67488413552996 1038.9394624952242 396.91997805834035 986.6007336544867
717.4938384748448 193.96487708785207 1032.1784474951519 385.68869026197945 972.0112443203111
715.0885147587296 191.9904449753019 1029.5487330816532 383.1115096941653 968.4245210705385
714.9146079818956 191.72861623254107 1029.5457946887068 383.0005196361403 967.7246093244548
714.9145124107608 191.72853300274164 1019.1008198100394 383.0005102963887 960.865794463406
714.9145123780972 191.7285330027371 1019.0539318342376 383.000510296386 960.7706047372944
714.9145123780963 191.7285330027371 1019.0539318341234 383.000510296386 960.7706042456839
713.8944154771884 191.7285330027371 583.62535845826 383.000510296386 960.7706042456839
713.8942736384852 188.9905232106787 583.6249432710533 383.000510296386 960.7706042456839
713.8942736384852 188.9905232085132 583.6249432709897 381.9978887998309 607.9029552208576
713.8942736384852 188.9905232085132 583.6249432709897 381.64383430475345 607.9029233949486
713.8942736384852 187.4303434829253 552.8405789135768 381.6438343047498 607.9029104816691
713.8942736384847 187.43034347743037 552.7818261299058 381.64383430474936 607.9029098432125
