547.3658907765152 949.2772752659448 657.231709603524 1016.841977048729 809.9828817323369
345.8662289138683 914.3045570621125 620.4265484464122 882.6603307727983 647.4172558817486
334.33563282595514 913.6325543065159 617.8511122131927 878.2342336325983 624.8248834392011
330.50633060460314 911.2443564894852 616.70109528701 878.1554399043653 621.4095593929414
330.02310982240806 911.2298232414432 616.1704514751764 878.1546466699829 621.3974112223773
330.02292578292736 906.9067823421783 559.4582012644196 878.1546382319211 572.8400007481782
330.0229257464266 906.9067821617837 547.1431727648555 878.15463101665 545.2430373225989
325.98515535899105 901.3129963575198 547.1431666066646 878.1546225132579 512.4097329774231
322.25340888365827 303.61644843340946 522.8631757686412 878.1546149871801 512.4097329766996
320.2040036016715 303.6164484333576 521.4981742155169 878.1546065070524 506.81092549013465
320.204003601616 302.45282265025344 521.4981718303607 878.1545982950884 506.81092547722255
315.9627433179835 289.23041147828144 520.7202390877055 878.1545907130194 505.6556085078687
308.91324947370686 289.0687931419229 510.961492969695 878.1545832607171 505.6556002139919
307.2380702787759 288.3684185154543 510.5354830207948 878.1545755494162 505.6556002065331
