421778.36546573223 78635.33165134545 206636.99948495295 92545.56590418016 228776.034290719
8389.279026720198 3895.7771076694535 348.92868961712384 1027.7095956460994 1058.2290098419344
2536.9116445966756 3584.1612876775816 246.06720157275413 842.8985612395068 687.722519863325
2454.37062286757 3557.4598330426925 229.52157751205323 785.4733698235764 641.8859772371852
2443.035286038702 3536.098947899177 225.49988187947793 768.7517065464435 623.9679100097442
2442.088687009913 3534.0458827383036 224.18703863472228 768.1155602013928 623.5924896715369
2420.7922700738536 3533.901649991569 223.07523830086393 767.935927330212 623.4842974030003
310.6896939217286 1429.4382940123478 222.953008940176 767.8776477393731 622.8467166902569
272.6307777610855 508.59425974304077 222.94044501168992 767.7967982312639 622.6377486661513
271.8429814287856 507.3093966856636 222.9241563649516 767.6825481860969 622.6085124572446
271.61798747396415 507.21739112996966 222.92104975228312 767.5694001880861 620.7048927511078
271.53539890619504 507.19247992970713 222.91794343737638 767.4079259205837 294.20034440255995
271.48540141839294 507.1733431598964 222.91581435555554 767.0481158673961 266.7109350388155
271.4437070667509 507.1667240703496 222.91495195338302 766.5702805482724 264.76934126482456
