1.131097606170607E9 2.1119810848691562E8 1.0361656178587267E9 7.34860890556119E8 6.356218528835083E8
1082736.1633319606 638709.7250159845 437209.73645016784 2660163.450439647 157180.2831155754
311859.9428619469 409509.8752729684 9045.494521694727 43847.04340609921 15787.110279431781
9632.846923058225 8.625366888328443 2526.674661936873 1342.6783514098217 12765.069234844066
1994.038190613208 6.03748053927464 325.20344408314014 112.42580630542483 516.0326343829091
0.06912700974821462 2.684877598824187E-5 0.02871168270471003 0.008455332200554722 0.020041471228410046
1.708663343436001E-5 0.0 1.1982163670154478E-6 3.470097880153844E-7 4.721184822642499E-6
0.0 0.0 0.0 0.0 0.0
0.0 0.0 0.0 0.0 0.0
0.0 0.0 0.0 0.0 0.0
0.0 0.0 0.0 0.0 0.0
0.0 0.0 0.0 0.0 0.0
0.0 0.0 0.0 0.0 0.0
0.0 0.0 0.0 0.0 0.0
