438.34221160052994 351.27325705580915 432.58346755278717 385.89172523330626 423.84514372153717
338.455294406705 299.7064460731499 317.47109671312364 320.9481006730616 390.7036872377589
328.1250532402869 296.2008124609829 306.7166952127109 317.4895293186105 389.3901308884656
326.67512883198424 296.0174068844499 306.70186044967613 317.47640301588854 389.363127942338
326.6751288246128 296.0173917313605 306.70186044917455 317.4763901113238 389.36309662974236
326.67512882461233 296.01739173135957 306.70186044917455 317.4763901113233 389.36309662973963
326.67512882461233 296.01739173135957 306.7018604491741 317.4763901113233 389.36309662973963
326.67512882461233 296.01739173135957 306.7018604491741 317.4763901113233 389.36309662973963
326.67512882461233 296.01739173135957 306.7018604491741 317.4763901113233 389.36309662973963
304.33516382272137 296.01739173135957 306.7018604491741 317.4763901113233 389.36309662973963
304.33516382272137 296.01739173135957 306.7018604491741 317.4763901113233 389.36309662973963
304.33516382272137 296.01739173135957 306.7018604491741 317.4763901113233 389.36309662973963
304.33516382272137 296.01739173135957 306.7018604491741 317.4763901113233 389.36309662973963
304.33516382272137 296.01739173135957 306.7018604491741 317.4763901113233 389.36309662973963
