217845.21032882016 280256.71870524314 243857.7697609308 67424.87086481294 16286.834465420594
3370.6007160612407 3566.083421076045 35840.541300901146 729.1772875854822 2995.801835678195
3350.1221454008664 3535.7250979206547 33627.29773495464 693.4287712047158 2966.445495158854
3336.4909359839894 3533.9518598080376 70.47086552441783 682.4032129356515 2963.7122358019515
3335.874832387449 66.99125634053917 54.571506798955625 555.7830279074087 114.72641798190398
119.21380079963615 42.324884774459406 54.37726113878034 194.17930623714392 113.52230347911836
119.19707985206901 42.319112923861894 53.46742246848112 194.1488193040891 113.51718946689675
118.33201419338684 42.31333861434109 53.46689036411635 194.08051832276078 113.10896465590645
118.0910066541644 42.3117145055744 53.45932258488756 194.0798078474013 113.10016421087334
118.08244103358902 42.31162598123842 53.45931708486182 194.07979101206365 113.0988943312077
118.08223127053157 42.31161713283245 53.45931698452614 194.07976959245616 113.09889037945754
118.08188197635491 42.311617132250376 53.459316984501356 194.079755151683 113.09887894852409
118.08181667116469 42.146084486939344 53.45931698449181 194.07975433444835 113.09887882788553
118.08181448437222 42.14608445781346 53.459316984485895 194.07975430960596 113.09887877606684
