2.141228422952571E7 7923015.835427087 8569043.424650287 3643982.453017509 2.0775160279900774E7
4451229.365723895 2709190.3503341754 3968513.38410974 1175942.1956378948 9468977.899554117
2588268.2274600375 1815155.3321415638 2821554.7022984563 907111.0016747817 6088785.205800949
545445.2566807606 1212041.939616802 622992.1176747674 553112.1484509121 2077911.7671265265
292030.3032376666 456761.1010347872 287147.372196896 456669.0502654337 836103.1995272503
177342.38298987405 142094.09171457766 210224.10464316737 179761.91241368497 158928.92632111
101287.93198883101 111852.41656145736 142940.987191598 123088.4871105022 111332.7819767136
90847.40212138464 86531.55679875566 99443.25092795576 105851.48125786548 75933.26949810774
86961.93419384488 73479.94247916651 69590.82661106209 95926.53825736379 58345.79956440353
81237.83983903303 69465.64073594425 60614.046392597884 72087.68277539793 37503.566133385786
69872.19049686095 52450.146035730286 53027.95142351651 59416.93121804693 32939.58921151374
60252.41701670536 45055.982624131786 50120.980882072196 49671.607087469514 28069.766364440347
49200.22502820009 37200.258132469615 46912.73896982766 43022.08321224032 24761.08167697695
37061.0718312624 33571.13373090369 45197.1519885327 40280.69074401775 21682.61556422547
