1313.4441607913654 1410.0879348051922 1503.9383777362368 1220.3382736792523 1234.7827545904606
1185.1841911221259 1266.5807170433045 1253.5877166921382 1129.577231387334 1056.3099997492118
1183.5360559117316 1261.5329132749926 1209.6592076891989 1122.543439932671 991.382850991054
1181.5853603003598 1254.5393892438533 1195.496378548336 1119.5063100196485 977.0163253433484
1175.471539295624 1254.414619684887 1194.8409931090364 1118.440514991045 976.9228014899559
1175.471337603124 1252.756652991884 1194.840981303847 1113.4447275662951 976.9228013427246
1094.3012815499178 1252.756525198256 1194.8409813037624 1113.4445786743981 976.9228013425623
1091.4839557235728 1252.7565251676906 1194.8409813037615 1113.4445786051542 976.9228013425618
1091.4839301464854 1248.880779244114 1179.0194822010599 1071.663544865045 976.9228013425591
1023.4049095874557 1247.9444083322433 1179.019384021642 1071.6635434483705 976.922663958735
1011.4756127341334 1247.9444083185563 1179.0193771958006 1061.569428747287 976.9226633680946
1011.4315363221212 1247.9444083185554 1179.0193761440664 1061.3987130463674 976.922663368091
1011.4315262749183 1247.9444083185508 1179.019376141704 1061.3987130463647 967.2733543075124
1011.4315262749178 1247.9444083185485 1179.019376141704 1061.3987130463643 967.1676937531329
