2558.411357654725 1866.9956569472943 2247.000840152862 1506.4670997175772 2343.52706749928
2268.1294393080643 1649.009054894539 1922.985509029645 1130.4801016754818 2072.9233999596045
2133.284984769227 1591.7611090848495 1868.540413838442 1090.826875745216 2059.1723283101383
2074.0007153872475 1587.1900588428616 1863.8797649743883 1033.833542153945 2030.459873061468
2056.657226791038 1581.2849061612305 1859.368360107369 1019.0871649350302 2020.8423505763421
1991.007607264155 1574.4045730760736 1846.1322441026414 1017.5537950065586 2000.196665502801
1990.8723923408988 1572.9194921841263 1844.365141144861 997.4524801590223 1996.8764542409463
1990.8681038014747 1571.7105220567864 1844.237586530351 997.4495709223879 1996.8556101844733
1990.8680276941086 1571.680303596604 1843.9546583436113 997.4493188584884 1996.854491161067
1990.5650241914554 1571.6732207248124 1843.83966465482 997.4491413275523 1996.8544746619027
1990.563321909909 1571.671934006703 1843.8031001669224 997.4491272012406 1996.8544735789092
1990.5626397863252 1571.6714409990236 1843.7520358205911 997.449125869125 1996.8544735470496
1990.487562892582 1571.6713829403889 1843.712668662327 997.4491257689997 1988.7844508302478
1990.4870414732713 1571.6703698974325 1843.7054977325333 997.4491257617037 1975.4110378697087
