1532.8444581821468 1223.358824903822 1904.6164941048783 955.4484494253034 1144.9587406899996
1477.9207637562486 901.1032545499338 1655.095168779866 699.7455131371667 1004.6689222596515
1472.8741274126241 882.7448015193272 1644.1622872468342 677.5236302881103 996.0470970396132
1462.9624788506126 841.1691110748716 1639.4253270057707 663.144576722586 995.3855261549202
1451.8912571459778 821.6656884447439 1637.3419573317979 662.7085359557386 993.7420711393675
1451.0348832913915 817.9918160642046 1635.0390516431535 662.7031762607685 992.326616669251
1451.0333654402057 817.5882997900944 1634.9268579322897 662.7029849086534 992.3264862266165
1451.027152588832 817.5711444049084 1634.6632778892545 662.7029841113804 881.0876966934748
1451.0271096574388 817.3475746089171 1634.6587287761213 662.702983389021 853.3036196188132
1451.0270710314107 817.1826468671316 1634.5617524383997 662.7029833873676 853.161007556223
1451.0266877248014 816.9596255076704 1634.5337269488664 627.3348980862243 853.1292131021028
1451.026635996117 816.8421958493564 1634.5116004994725 581.8713626310268 853.1291859013595
1451.0266358621893 815.9013056074473 1634.5096870457855 581.7468390825316 853.1291859010116
1451.0266358618983 815.8076506461493 1634.5086729463155 581.7465294370418 841.7659330900924
