184487.17479328948	196443.05804613399	170383.13679421382	333142.0636225289	201862.44098177226	173235.2398170169	295372.4482429254	164856.22375672453	254142.02290636863	189316.8462665129	260210.1679069334	221990.1763633182	271158.46814100357	258113.10466618196	265498.63655458344
141609.12025503645	141342.9906889976	115824.19689879366	239573.1557988283	169985.68935230255	115997.47785286936	195328.71739570878	117567.27799685074	187173.76698181807	135986.94969999813	176807.5253798851	140752.42853702186	216066.53656362288	196401.15954561398	183058.862249253
108104.96954878332	109523.27651436931	104056.45740220322	139324.65492419698	142600.52119879512	94459.30360555863	151946.61373589092	83481.92199696133	124802.85943370858	95264.00966354985	134759.25053975786	111727.90089076424	192857.0506305639	151924.81079840832	178912.79138620413
66255.80031182965	80972.04862508856	77855.24145709144	44810.77666104403	85475.39459998756	66100.40915113603	95543.58840496078	73850.96676369563	100252.75623885426	85986.74203682653	67880.06789113236	74968.86131268428	107484.0525785933	92750.79882964038	107720.57895212727
28343.649227587677	18055.017828898177	33011.9789178971	12918.312531541636	35932.487942549735	30272.243130172385	22442.38170635045	32586.933853964703	61859.75263738661	23967.383110432373	16260.33180928645	18670.555599453724	48186.646874978665	34266.97943365641	27907.050843600853
10398.944740801731	9586.533253416846	6587.9775670190675	8751.049872972868	3965.510494209424	10229.492767535174	5770.611444738564	13507.970589947683	11721.514592526688	2979.953536030608	10599.797488077491	5113.2513909415	12200.15273442311	4290.287194169413	15765.402548515878
7760.259902200653	9161.523581846068	140.50121604628907	4960.252890593991	275.6886362143812	8235.834705467405	4011.946478306872	13505.357073121446	472.84388540950584	74.51219773013601	2596.5707494812837	4796.423417110951	3952.912286223624	25.935017552792715	7091.8607797503455
7610.100411064574	234.68606925084225	90.86802994002	4153.115746343897	275.6886362143812	4671.256377536865	2869.6848650881725	11994.824933461088	468.22617976255236	74.51219773013601	8.305650309336045	4242.170996187219	3812.783097253501	15.68922430566596	39.80663773857833
6671.385549352191	22.093573875675983	90.86802994002	3586.803214457077	275.6886362143812	4377.121262545359	2611.95293189363	9054.183196226835	461.17259800541365	74.51219773013601	1.64571585788957	3811.447998516275	3274.761814516012	15.68922430566596	19.33749012294635
5184.432134063256	22.093573875675983	90.86802994002	3185.355807612591	73.6076815797706	4182.458343488553	2611.95293189363	7855.908621339734	459.4606874647348	74.51219773013601	1.64571585788957	3231.5779923514433	3260.629527815662	11.293262500777983	19.33749012294635
4996.618643383387	22.093573875675983	90.86802994002	3101.361583708845	73.6076815797706	3734.988782737759	2429.1508298723434	6718.447042712976	458.39174272276773	74.51219773013601	1.64571585788957	3135.417116325365	3225.602828674745	8.055493779834363	19.33749012294635
3269.9648635574604	22.093573875675983	90.86802994002	2915.502288696001	73.6076815797706	3511.5357086175122	2364.550095591924	4754.686910743867	451.38250611770604	74.51219773013601	1.64571585788957	2822.218857351942	3102.029759564204	8.055493779834363	19.33749012294635
3126.9578916394757	19.351760155990352	30.49450791886977	2441.498159167709	73.6076815797706	3034.8376177259033	2057.229841896871	4517.431610228121	451.38250611770604	67.47514465767392	1.64571585788957	2709.08650150784	2907.4153070654784	8.055493779834363	19.33749012294635
2958.212855123266	6.6996323047332	13.307935157704208	2028.6646431036686	73.6076815797706	2729.583379580567	1924.9403421003947	3621.1072676027193	451.38250611770604	67.47514465767392	1.64571585788957	2373.545066989541	1402.8720885928037	8.055493779834363	19.33749012294635
