382350232.28755975	403335403.0847949	347750957.58536536	1265729040.3329465	389338384.20721686	803346350.586447	2020106040.756371	874517896.0001072	459481592.9196332	496280112.60167783	361502727.99694437	2032146838.2756133	2403239827.5370264	1321478519.0465035	438163496.71268046
9487888.29347044	10376199.61443114	4573165.4509394085	36332702.36043891	6862336.516573623	12881228.494340193	42253141.22862176	14272209.707243098	4687800.394764953	11950645.501442812	6753139.023558595	36296290.159730025	24377082.80300624	13581310.15782326	7666397.292037693
1509854.8363617063	795527.9683875367	510721.1385609079	2175246.002451669	314555.0230053248	640233.6141418982	2277372.583685434	2100485.3551565297	446547.5642256938	1158894.776450508	411782.0117124244	3556505.460331124	951946.3074853536	620388.9842709388	3214269.725065259
74021.11210890964	18904.476499695258	4225.59849180799	6557.558164177834	7593.319617429637	25326.43280529296	10577.805061627923	11986.654092700208	5994.809079935108	15510.717913023618	5888.579154484076	23670.724837517264	9062.16196908407	1016.1005757600259	8028.606477619554
11116.937700667551	5507.260523583736	2486.056137722905	863.7911776442853	7004.000108931221	1714.5029026891134	646.5742254219087	6833.192550214621	4063.9739602808577	325.20708700537267	5667.462710070194	4960.92082289067	1217.1235771909367	226.64127602468585	840.5597905641317
2.17833373405675	0.3005592865324473	0.25848778055704713	0.05761620766955389	0.0939087883011922	0.1075293914157811	0.02313981310724955	0.13207881841563562	0.12983503458313805	0.08778666314248085	0.5987019343414204	1.0928801950376084	0.07694993223910274	0.020513627239822085	0.07805773277968342
5.72919514354453e-05	0.00014325867552145155	0.00010909896988664514	0.00013229328520480976	0.00027496824131389985	0.0002517461812630017	4.4747666251510054e-05	0.0004359565557621181	5.221463777616009e-05	0.00013845369400655727	0.001574386509815895	0.0019636050966767016	0.0008288784080718871	2.893672692039217e-05	0.00016268946600916934
2.478842020536831e-08	2.0965062574873627e-05	8.164223004314406e-07	0.0	4.2357820007055135e-07	7.77927127160183e-07	7.005689894867827e-08	9.91641115888342e-08	2.579497504484607e-08	4.724651859078222e-06	1.8629680198500862e-07	4.775729678385687e-06	5.4101036539577756e-08	0.0	1.2190953668778093e-07
0.0	0.0	0.0	0.0	0.0	0.0	0.0	0.0	0.0	0.0	0.0	4.762398475577356e-08	0.0	0.0	0.0
0.0	0.0	0.0	0.0	0.0	0.0	0.0	0.0	0.0	0.0	0.0	0.0	0.0	0.0	0.0
0.0	0.0	0.0	0.0	0.0	0.0	0.0	0.0	0.0	0.0	0.0	0.0	0.0	0.0	0.0
0.0	0.0	0.0	0.0	0.0	0.0	0.0	0.0	0.0	0.0	0.0	0.0	0.0	0.0	0.0
0.0	0.0	0.0	0.0	0.0	0.0	0.0	0.0	0.0	0.0	0.0	0.0	0.0	0.0	0.0
0.0	0.0	0.0	0.0	0.0	0.0	0.0	0.0	0.0	0.0	0.0	0.0	0.0	0.0	0.0
