93462.51936947962 126362.5888461153 70400.48796515826 130300.92073965112 92757.4988046272
58102.77542129481 65872.57055309121 59707.7123192965 70785.42709423807 57251.00598042868
35806.500741743344 34586.95677576789 34426.3348246525 49113.66488534667 41573.583896963624
14856.963122933179 11035.326348460403 16037.236623319857 25482.098780418128 9467.279523409916
2462.808337195508 1529.962559017372 2028.6147841573506 8366.415995325511 2368.746475109203
36.90278442625208 41.682885938042205 16.497306570392084 188.11529977480814 20.60455088021422
0.007741746203294042 0.013398803185964425 9.889870067922857E-4 0.08071101023807614 0.0026652487013620885
1.8151911262975773E-7 2.173147777284612E-7 3.5476091397868004E-8 4.194027894754981E-6 3.6871824704576284E-8
0.0 0.0 0.0 0.0 0.0
0.0 0.0 0.0 0.0 0.0
0.0 0.0 0.0 0.0 0.0
0.0 0.0 0.0 0.0 0.0
0.0 0.0 0.0 0.0 0.0
0.0 0.0 0.0 0.0 0.0
