346507.7857238312 34283.77110664972 84781.43612040546 45222.647134015446 139376.36526131997
5571.621416094786 6353.882271882669 18882.15927837767 18625.495684533056 2781.0759861832803
1517.2107103896797 6039.700360484834 18369.590010145257 18310.26096132895 1774.413679634913
884.7979056435856 5928.148802475587 18091.786492803047 18176.41609825526 1620.0722922776013
873.6581486636846 5925.69265391139 18083.326249442474 18133.945575152764 1528.1678845523184
872.6271260615767 393.537721032186 193.63723389720167 679.9911162740627 1527.5971942564047
804.1784927360486 390.6547225236493 193.14029986515288 676.6633483625792 1527.1668947626117
803.7202177995391 390.5319177092763 193.09073451620407 676.6004135592402 1526.732060549648
803.658865478661 390.47197382324657 193.08916784585972 676.5512853715168 1526.1286817182045
803.5240114917569 390.422641290972 193.08916318522301 676.5267790063149 1525.0662069612972
674.1547585318831 390.42238690516797 193.08916077693107 676.5250794839212 341.4753777525575
301.0747526752973 390.3096165174152 193.0891593611334 676.5250317186847 341.2993380800151
301.04422514917906 390.30466004638447 193.08915888062393 676.5250271403561 341.29322387004277
301.01297455109216 390.3043504844777 193.08915866008851 676.525026884703 341.2887173741319
