10429.84152062393 8136.260274456919 9531.090281868597 8518.805536946436 8811.263866993015
7671.271530069407 5738.580056763346 5915.613417286679 6953.354201027716 7294.39084143286
7038.921005409529 5425.187577844303 5492.082771124754 6848.447347410722 7214.745811378205
6922.390954129141 5365.331588688842 5488.452182202942 6839.183743365116 7204.008779534799
6874.8756362088025 5362.786686644054 5488.452008790983 6838.525595322542 7203.532778040768
6870.062433696081 5362.19407131804 5366.557197753774 6838.125383904477 7203.531220033083
6869.161612944292 5362.191176836197 5332.011716203528 6838.103741746101 7203.5300931540805
6868.427134217078 5362.191176772064 5332.011694018008 6838.103554940284 7203.529360659646
6868.276117803734 5362.191176772033 5332.011694017923 6838.103554940284 7203.5293385262885
6868.27331181987 5362.191176772033 5332.011694017919 6838.103554940284 7203.529314581221
6868.272647060163 5362.191176772033 5332.011694017918 6838.103554940237 7203.529314292387
6868.272637163529 5362.191176772033 5332.011694017918 6296.084105856098 7203.529303304378
6868.272600818578 5362.1911767719985 5107.047953933775 6295.995543961102 7203.52930218041
6868.272514947983 5362.1911767719985 5107.047642259239 6295.9948560127705 6978.640191419996
