5052.313627186704 5159.0625777388595 4141.526371211105 6074.96639849842 6177.455035672312
4560.660969600013 4521.784449249704 3603.844956517916 5209.434272092288 5029.771955181491
4356.60481030016 4264.242057488922 3464.2111276049 5055.247899100675 4856.862473322579
4341.714542992378 4225.13436705761 3399.274341028644 4974.877524433663 4614.900471174051
4306.855356015575 4216.713177457484 3377.569010804491 4905.655015866712 4419.711250789381
4290.843237129449 4174.594249620734 3349.1414182589087 4879.924342400664 4348.944281391047
4139.69252594584 4171.746206449635 3344.353789451079 4842.425119685608 4336.403112952601
4133.173872375821 4166.250593257382 3311.9789490506073 4838.705722128934 4316.668252200467
4132.791814854478 4165.9673435440045 3305.8421989748103 4837.877234490834 4315.299459235757
4132.183668356085 4165.945708604522 3288.3873740879644 4837.452580587038 4309.026066313521
4131.461444335848 4165.26768595609 3283.6790400054306 4837.277075350142 4261.349491305896
4131.004915423282 4164.40393721965 3282.6398883943803 4837.071134474621 4260.553831534524
4128.898739359305 4164.102816097304 3282.0699305189255 4769.873055238862 4260.271327961171
4128.701604953203 4157.3833136465 3281.9635895635893 4768.995517709093 4259.410070541096
