357.9937798617598 397.16840069771274 284.2711992280774 400.3865905253863 592.2240504342203
159.77698709501374 208.92210296617304 178.5283433904658 195.4643356548372 143.2265837288819
152.74459517429705 191.63250889319784 128.60145289989805 159.745508027808 98.28090849281307
86.7411897448601 191.31334244533218 124.88960048106969 153.60024001138459 82.70073571211265
83.59905744453613 191.31296184930147 122.40426419472146 153.50485209850603 81.59637578984689
83.57585493905208 191.31296184929988 122.3854431028883 153.50485209686167 81.5860807894569
83.57585493190254 191.31296184929988 122.3854431014654 153.50485209686167 81.58608078795055
83.57585493190254 191.31296184929988 122.3854431014654 153.50485209686167 81.58608078795055
83.57585493190254 191.31296184929988 122.3854431014654 153.50485209686167 81.58608078795055
83.57585493190254 191.31296184929988 122.3854431014654 153.50485209686167 81.58608078795055
83.57585493190254 191.31296184929988 122.3854431014654 153.50485209686144 81.58608078795055
83.57585493190254 191.31296184929988 122.38544310146517 153.50485209686144 81.58608078795055
83.57585493190254 191.31296184929988 122.38544310146517 153.50485209686144 81.58608078795055
83.57585493190254 191.31296184929988 122.38544310146517 153.50485209686144 81.58608078795055
