603.2358010218868 706.3428794897518 652.6510611789345 669.2577268658752 580.7809127814776
471.12500739208053 668.70787530914 608.0225602917467 651.6941063799445 503.2155905371287
465.3848651928988 667.6241162605629 607.906262693712 642.272305233872 502.13191935918167
465.3827285278835 667.6198083453437 523.4241716047795 582.4678158919564 502.12999965982726
465.3827285203106 652.1525788994454 523.3212842193179 574.5885041823258 502.12999961506193
465.3827285203106 588.4003169809489 471.4955152446814 574.5884225998275 489.1970746028128
465.3827285203106 588.3394197315356 438.8046030665746 574.5884107355087 489.1970746028119
465.3827285203106 588.339365753101 438.8045843561222 574.5884104805837 489.1970746028119
465.3827285203106 587.6501551523243 438.8045843561222 533.0591171859555 489.1970746028119
465.3827285203106 587.6494634259752 438.8045843561222 531.4057186373243 467.3933464619913
465.3827285203106 587.6492625647679 438.8045843561222 531.4057186305936 467.3933464619636
465.3827285203106 587.6492533567398 438.8045843561222 531.4057186305936 467.3933464619631
465.3827285203106 587.6492524762448 438.8045843561222 531.4057186305936 467.3933464619631
465.3827285203106 587.6492524098467 438.8045843561222 531.4057186305936 467.3933464619631
