1241.565880720752 1308.3952633479494 1347.7581069864264 1474.0146513602967 1341.2178360481307
986.6390910773953 1060.4608686869788 1138.1590229969133 1294.1561794060462 1152.528724607057
921.3674031083196 1035.0440363262242 1114.9957837992552 1265.5775208156942 1140.529446356089
907.5231156555587 1031.1611497634676 1110.4164358698254 1262.9166377245238 1136.9586327222992
907.3228518058054 1031.1533303044803 1110.2719311528567 1262.9158390091825 1136.6397156585563
907.3170448258693 1031.1533171107453 1110.2700337459437 1172.8509413122792 1136.6372543737625
907.3169821663646 997.3558377453014 1106.0493721498879 1172.8284345444272 1136.6369327831853
907.3168919495301 997.3413797665485 1106.0226942426248 1150.436422534502 1136.6368857415737
907.3168917572375 984.9172773808068 1106.02258713424 1150.433971036986 1136.6368798884828
907.3168917531266 972.4809960228258 1106.0224194629886 1140.7621879871326 1136.636825239466
885.7029239044186 972.4803864318242 1106.0224194172238 1137.8143578522313 1136.6368029826554
885.7026184541846 957.6581283521418 1089.4635646343172 1123.0661803642606 1136.6368029349633
885.7026167745516 945.4249209586387 1089.4622682869963 1123.0659174210741 1118.733929307617
885.7026167622589 945.4247924314404 1089.4620672880537 1092.922185670408 1111.428618450328
