1.345711788621313E9 1.160608532192971E9 1.2271723765205638E9 1.429207729496687E9 1.0276888096222883E9
7.764763339912817E7 1.3153658971119826E8 7.777758613926576E7 1.3565128593324548E8 9.207976272253434E7
3.586927177249163E7 4.876330434032051E7 1.8522377823631383E7 4.3701224483802155E7 5.541165347920894E7
1.3814683228925334E7 1.5888110160853013E7 5657143.888960162 9529715.135747718 2.1954687394957125E7
2641811.922138533 7746527.683486348 819957.4117134967 2007554.1743770752 1746111.5402089779
984528.7986277273 2366715.0027795145 337257.45543508185 482093.73623840435 396524.1752405483
553845.4009506739 1593970.833989718 208207.8673514399 315989.19082923257 193169.0076465307
389429.03449300566 1273854.0194216752 147470.7524352689 275228.9455436138 124291.12366211733
329573.62558117934 1058623.500223441 125779.04403712197 224271.72371457543 102875.98884513829
293593.7384931042 829125.3026825803 112219.83560187314 201935.27220268815 85512.40417590861
251171.00843669078 674727.0530962949 100192.575353943 193281.6090366953 79202.77529361406
163438.59183247492 482719.5869357037 88749.4365053323 182497.3762407065 74368.69220349025
141421.1040580786 451524.38272069156 81077.30004652873 169189.4139925261 68335.20133801311
122724.94473823861 422428.9901422857 73896.86118638022 151512.79153722347 64416.71086615382
