1170.0404996233142 1698.8869733585948 1403.0818280915055 2000.0076639180274 1692.2575987963774
841.1618184529116 1548.5148290842899 1324.2500832898277 1847.8152688581813 1531.5858819286022
818.9958452220199 1541.0675396479573 1301.443721221176 1822.8667951630764 1524.6654538010744
781.296490761807 1536.954602249476 1294.5626527992708 1771.3446755381997 1521.810530730731
775.7553322838962 1534.3505019047152 1292.159741020147 1766.5870976126753 1521.5991567417532
775.1691049477549 1533.890264224643 1292.143283325081 1761.124456996312 1521.5974102481246
774.9271196153286 1533.6907906218926 1292.1391895709203 1760.7617058487099 1521.5974092899169
774.4999299873089 1533.6824935121986 1292.1391320289458 1760.0477332244654 1521.597409211211
774.4356148189963 1533.6823648595368 1292.1391298592212 1760.0371369745699 1497.0473994724098
773.940754031054 1533.665434970938 1292.1391298557583 1759.8064941996718 1497.0382473916961
773.741985557941 1533.6460071105666 1261.0380891978389 1759.524343398372 1497.0382432235992
773.7363648731339 1533.645308621416 1260.954940442104 1759.1602952490066 1497.03824282423
773.7346258455555 1533.6424964849193 1260.9546719176396 1758.9941605622466 1497.0382428237826
773.7040580501671 1533.6206229064387 1260.9546716735076 1758.9783947437086 1497.0382428237772
