1149.8577056242584 2405.6426595107573 1080.3506350177522 923.5627823291254 1268.4047743298606
345.00108647499064 501.44666513624134 279.4818692184749 367.1632614033381 376.4388744220321
287.9555764815377 320.36315281396537 214.01794527895345 236.94201835043987 235.88017652407143
279.88852607764716 84.12572000753858 206.33276234075993 225.1168638164247 176.68185968848866
279.87983719916906 65.53867282483861 206.25375294708624 177.45677655304462 154.52204484284835
279.8798371493931 63.69714464548679 206.25375062305648 175.46733454747073 154.5167334962821
279.8798371493931 63.677168747726 206.25375062305648 175.46733371798155 154.5167334962821
279.8798371493931 63.677167565594345 206.25375062305648 175.46733371798132 154.51673349628163
279.8798371493931 63.67716756460709 206.2537506230551 175.4673337179811 154.51673349628163
279.8798371493931 63.67716756460641 206.2537506230542 175.4673337179811 154.51673349628163
279.8798371493931 63.67716756460641 206.2537506230542 175.4673337179811 154.51673349628163
279.8798371493931 63.67716756460618 206.25375062305397 175.4673337179811 154.51673349628163
279.8798371493931 63.67716756460618 206.25375062305397 175.4673337179811 154.51673349628163
279.8798371493931 63.67716756460618 206.25375062305352 175.4673337179811 154.51673349628163
