4872801.726334608 6506747.0615766775 3318513.241496118 2.5148810223996855E7 3921986.1332341977
135831.58048487542 2977969.7792981593 1088679.854037063 1911712.293973168 98129.32167422376
61314.48704461149 1630085.97849509 941833.4642722758 786896.5387223322 73504.50340745905
55607.56730308139 157345.164401493 359229.3788439008 193140.4161139213 51777.090230164504
24217.383186299427 64369.32300494253 70366.19917091465 112656.70433499412 42597.561927600764
10272.471362682718 29457.995667372466 26261.643099333633 17119.78170125309 16907.827396374076
8735.84304425706 9261.312919623024 12248.563363408637 9093.856291913655 3823.772413487145
924.7780556305738 5728.674951397637 4669.335578055472 5849.36768464893 2088.029895710454
779.8224343545476 2904.038555770644 3758.3172587721965 1438.6101984946 877.6934253320919
619.027454397486 1420.4335419407125 3562.7274668929203 1256.669182454389 296.78331096755846
585.240852333558 1204.2334706712986 2393.0979415282163 1201.4899926228786 200.30074853275437
527.532076284966 1048.1567113058 1919.6817607356306 1196.9602337883452 172.16024000546076
261.67949652737025 970.3530889243066 999.8118139320941 1162.0178390680098 158.42867211580665
157.4034693083138 862.4889519994285 760.0938725235255 1159.262884084104 144.8725896525009
