13.380697337581125 10.76946471215092 8.522049643791718 13.15508769275749 38.173194427288706 62.87731818248881 29.236528637053198 105.04792479017942 10.917812737950669 107.37363137473244 12.41434364982257 17.139381315533228 10.618535343432484 31.662062706296467 69.02388991543933 11.173778106116345 23.061362851527917 28.321878090075074 17.615297156604356 50.054948624348015 11.839181006550518 7.994104012591265 13.174332261465509 108.53384010802012 11.605687487421108 26.006204708143912 9.985042081795825 12.869518419844042 29.989088208789497 31.070625109637604 136.25150568865183 36.99233478708629 9.660950843341823 25.499436184344802 27.06518746312213 23.966479565553584 16.982839794645372 67.15683928536919 10.200094351329653 25.05475362894606 18.071260507055854 34.61292614537729 16.438493171582593 13.429694885557865 16.61982596960604 85.03666929461531 97.69632311802502 32.53954641235356 12.149282123396972 49.46060037180433 155.3765025617745
7.409339408401706 7.218615521473623 7.09789229215437 7.4561428195874555 6.220392278932138 3.204149478177442 7.135037594812218 14.130410612332241 5.498513973226295 100.14872596179782 7.364742645026695 5.76358398515697 7.365303467737931 8.165291971918293 6.287865184710142 6.4885693041164245 6.587282924685383 7.959929692083449 6.095826426837732 3.740403037448118 5.656563427750086 4.960970872975054 7.34910938321417 7.16946290155289 7.32126962580287 6.886243057163142 7.630442818032407 7.4351203634256535 1.010572686249759 0.9928200721537905 8.094243290589986 1.1969681293013537 7.331542757153784 7.636237330943175 8.008450570821026 7.997842741575653 1.186754999318964 7.64405066360581 7.304761300778466 5.129440128273302 7.735530306837745 6.927337841299675 7.669274117152725 6.072990644635752 6.974882957012142 75.19063823982952 76.97168602335677 0.32276789859514565 6.050281066776961 8.102163959784946 12.045082150493442
5.989286984992532 6.11571854928917 4.892524162912423 5.618379546238145 4.7466989371465615 0.7291081031171416 5.53876943654285 5.110553539682826 3.9707349413728252 87.31095810649975 6.07248149995263 4.524184954546115 6.281030835335457 5.616675638764605 4.951243798137284 4.862480493048395 5.157984666379605 6.787875666480488 4.742575298926511 2.049836666287092 4.467898349758229 3.832019377746235 5.3825085641504415 5.277429896260912 6.297331742784252 5.43969450276137 6.03004144987176 5.920428317887286 0.5284657412726119 0.3660107433540247 6.704027280707749 0.1339917634829817 5.872554677732694 6.414696841091256 5.785925011381778 6.274725350024767 0.9100941387370654 5.60074808871974 5.6330537951139945 4.22834994152862 6.506542596489567 5.198561754167599 6.1911024950250635 5.179707956869663 4.844200803107185 74.51223227177985 13.704503238241273 0.22759735525323777 5.279301876561306 6.277240424063905 5.1530861365182545
3.468767368281476 3.707878065849741 2.4201493957787648 3.313617526056703 1.6283205455615075 0.43601072084550196 2.5065971852634448 2.716132289797315 1.485838091633184 75.09876799720774 2.843391286462463 1.6092395821760874 3.3986620498587286 3.428841606698711 2.9064846952069274 2.001177314743643 1.8574554900719704 3.7978821067522404 1.868965937492078 0.7259638362370424 1.9321145951904555 1.1950509023800464 2.8846000065103112 2.6368420725875694 3.1206693351324475 2.9729989707519167 3.378035286139834 3.046514307020743 0.08407812330199249 0.050950181460450494 4.036684276072549 0.03804226654585818 3.1088063130329715 3.5935120002545204 3.1083580141636276 3.2017529917284264 0.118406554780222 2.7166361955288494 2.8762736781923195 2.1614384747426243 3.505242533710316 2.318776504829316 2.9571690214307864 2.002174734327923 2.013849933390759 72.19754528024589 2.141522829744247 0.01605363830475426 2.348184689041659 3.7952918147047967 2.309175323312388
0.04028855254080099 0.00422426599868686 0.010227253835580541 0.025312941868207872 6.344207745883068E-4 1.9015090100538146E-4 0.004060000977233358 0.08354823133203126 1.7005244643542028E-4 1.0491419471595123 0.007717996057635901 2.925552902866002E-4 0.04676855188438367 0.02486055671460008 0.010355202025039034 0.0037911992220074353 7.209555860754335E-5 0.020352071780791903 0.0012226191199147252 1.1618398809787323E-4 0.004064678059364724 4.475507379311239E-4 0.0020603979486395474 0.00843823617350381 0.004281625444889414 0.00880358604496223 0.060754340150879216 0.010177185273789746 2.968254136703763E-6 0.0 0.06353300650539495 0.0 0.03616452232603251 0.01161618861721081 0.0015577075697024156 0.0023245814961114775 2.645071180040759E-5 4.5527906650022487E-4 0.031136958487763877 0.008134078632224373 0.02766553009399786 0.01762919447338618 0.0022079425510810324 0.004325618720429247 2.0083378541357888E-4 1.0334889005711148 0.0061693517500316375 2.652467401276226E-8 0.037360861555441716 0.02712269060378958 0.02008350234405043
0.0 0.0 0.0 0.0 0.0 0.0 0.0 0.0 0.0 0.0 0.0 0.0 0.0 0.0 0.0 0.0 0.0 0.0 0.0 0.0 0.0 0.0 0.0 0.0 0.0 0.0 0.0 0.0 0.0 0.0 0.0 0.0 0.0 0.0 0.0 0.0 0.0 0.0 0.0 0.0 0.0 0.0 0.0 0.0 0.0 0.0 0.0 0.0 0.0 0.0 0.0
0.0 0.0 0.0 0.0 0.0 0.0 0.0 0.0 0.0 0.0 0.0 0.0 0.0 0.0 0.0 0.0 0.0 0.0 0.0 0.0 0.0 0.0 0.0 0.0 0.0 0.0 0.0 0.0 0.0 0.0 0.0 0.0 0.0 0.0 0.0 0.0 0.0 0.0 0.0 0.0 0.0 0.0 0.0 0.0 0.0 0.0 0.0 0.0 0.0 0.0 0.0
0.0 0.0 0.0 0.0 0.0 0.0 0.0 0.0 0.0 0.0 0.0 0.0 0.0 0.0 0.0 0.0 0.0 0.0 0.0 0.0 0.0 0.0 0.0 0.0 0.0 0.0 0.0 0.0 0.0 0.0 0.0 0.0 0.0 0.0 0.0 0.0 0.0 0.0 0.0 0.0 0.0 0.0 0.0 0.0 0.0 0.0 0.0 0.0 0.0 0.0 0.0
0.0 0.0 0.0 0.0 0.0 0.0 0.0 0.0 0.0 0.0 0.0 0.0 0.0 0.0 0.0 0.0 0.0 0.0 0.0 0.0 0.0 0.0 0.0 0.0 0.0 0.0 0.0 0.0 0.0 0.0 0.0 0.0 0.0 0.0 0.0 0.0 0.0 0.0 0.0 0.0 0.0 0.0 0.0 0.0 0.0 0.0 0.0 0.0 0.0 0.0 0.0
0.0 0.0 0.0 0.0 0.0 0.0 0.0 0.0 0.0 0.0 0.0 0.0 0.0 0.0 0.0 0.0 0.0 0.0 0.0 0.0 0.0 0.0 0.0 0.0 0.0 0.0 0.0 0.0 0.0 0.0 0.0 0.0 0.0 0.0 0.0 0.0 0.0 0.0 0.0 0.0 0.0 0.0 0.0 0.0 0.0 0.0 0.0 0.0 0.0 0.0 0.0
0.0 0.0 0.0 0.0 0.0 0.0 0.0 0.0 0.0 0.0 0.0 0.0 0.0 0.0 0.0 0.0 0.0 0.0 0.0 0.0 0.0 0.0 0.0 0.0 0.0 0.0 0.0 0.0 0.0 0.0 0.0 0.0 0.0 0.0 0.0 0.0 0.0 0.0 0.0 0.0 0.0 0.0 0.0 0.0 0.0 0.0 0.0 0.0 0.0 0.0 0.0
0.0 0.0 0.0 0.0 0.0 0.0 0.0 0.0 0.0 0.0 0.0 0.0 0.0 0.0 0.0 0.0 0.0 0.0 0.0 0.0 0.0 0.0 0.0 0.0 0.0 0.0 0.0 0.0 0.0 0.0 0.0 0.0 0.0 0.0 0.0 0.0 0.0 0.0 0.0 0.0 0.0 0.0 0.0 0.0 0.0 0.0 0.0 0.0 0.0 0.0 0.0
0.0 0.0 0.0 0.0 0.0 0.0 0.0 0.0 0.0 0.0 0.0 0.0 0.0 0.0 0.0 0.0 0.0 0.0 0.0 0.0 0.0 0.0 0.0 0.0 0.0 0.0 0.0 0.0 0.0 0.0 0.0 0.0 0.0 0.0 0.0 0.0 0.0 0.0 0.0 0.0 0.0 0.0 0.0 0.0 0.0 0.0 0.0 0.0 0.0 0.0 0.0
0.0 0.0 0.0 0.0 0.0 0.0 0.0 0.0 0.0 0.0 0.0 0.0 0.0 0.0 0.0 0.0 0.0 0.0 0.0 0.0 0.0 0.0 0.0 0.0 0.0 0.0 0.0 0.0 0.0 0.0 0.0 0.0 0.0 0.0 0.0 0.0 0.0 0.0 0.0 0.0 0.0 0.0 0.0 0.0 0.0 0.0 0.0 0.0 0.0 0.0 0.0
