18755.44511517805 18663.58168133213 20970.304625186734 20786.50700851238 20568.819660421144
14328.060261937382 13069.58450414248 16431.37596065214 14475.038960969083 16224.798142469968
13673.596246563 12683.101901153444 15910.990300629805 13982.867981671803 14667.543802524699
13428.352999988685 12472.881462454627 15412.176466962817 13957.213592762153 14214.057099641272
13390.151362228935 12375.260150179667 14867.046869148231 13957.211838952773 14177.364262112958
13387.046899535908 12372.270570717961 14809.838438982853 13957.211838950856 14173.7756443151
13386.927015624198 12371.543885164738 14807.274028785429 13957.211838950854 14173.499426799226
13386.922844331482 12370.729340722595 14804.03311732228 13957.211838950854 14173.415691130784
13386.914800340917 12370.683912412549 14803.359639080856 13957.211838950852 14173.346307691801
13386.90867736271 12370.590978487015 14803.298968127412 13957.211838950852 14173.343418070575
13386.904484467432 12370.553888283932 14802.379889685806 13957.211838950832 14173.10772797657
13386.904278285954 12370.478129024217 14802.294173524875 13957.211838950821 14173.019235491704
13386.904025742811 12369.52210807291 14802.289560104262 13957.211838950821 14172.757415789352
13386.90393926393 12369.518796836172 14802.069665570569 13957.211838950821 14172.632729789231
