3285.339372270202 4077.5715945573293 3873.9443106267518 4363.027020177005 4279.9631667174035
2729.5647772905395 3726.1879754952333 3253.8707358008996 3715.5324699963967 3842.423691028347
2675.9582276671244 3700.2242715372595 3202.664173364522 3670.506329205633 3498.5447224276186
2658.4713823567945 3669.576875302195 3169.0731219614627 3653.2930568933225 3415.7111597777584
2643.8479525631665 3655.2262991020852 3159.625442596316 3638.8535083744155 3387.7569504206203
2634.9421411563508 3650.3646521234696 3158.3273808921476 3634.3821804084455 3359.2396549063724
2632.4293722653383 3649.7185067281853 3158.163144711444 3631.4168002306587 3336.956017518285
2631.822562529319 3649.312618922687 3157.3488488726125 3630.8918673082508 3327.800809397442
2631.5890342890034 3649.114782374395 3157.242572967285 3629.101165932647 3318.503400979166
2631.5244920342975 3649.0850710064424 3157.2365704833337 3628.2727402128785 3316.153896749456
2631.4420559178525 3649.0782610253627 3157.216888670264 3628.1708197879625 3312.921795659251
2631.428719224499 3649.0658914200594 3157.1824736058124 3628.048165548138 3312.7681009480148
2631.4239488144094 3649.059885675628 3157.170306243798 3627.992681925787 3312.5926299081093
2631.4071015174977 3649.05861774022 3157.1596135617056 3627.9732752339205 3312.426018877306
