19686.256598135293 27523.397320463995 16462.54543472793 13018.241971279294 20535.489969847713
12579.734964746656 7244.393755031074 8563.10724359943 7690.430368957041 11775.490031450736
11236.750333618435 4938.2777818567165 4772.827129958972 5018.479662719404 11022.482732751845
10669.60364407978 2044.1829933565932 3627.167972519228 2751.2130469822782 10830.10833109945
10620.045225363232 1812.8206532853146 3519.3165679122158 2089.8147524709543 10797.456896075344
10614.209851069401 1807.7625934182324 3516.8379572242866 2071.8816597431646 10787.854457208194
10610.227920402662 1807.5639722026672 3516.515301756588 2071.7565902407 10787.041475992675
10610.177553864081 1807.3907030765758 3516.488616384693 2071.756022001418 10786.033334180769
10610.177075615013 1807.3826586337564 3516.4850060602384 2071.756020447358 10785.935415814158
10610.177062877769 1807.3808602410872 3516.484868771483 2071.7560204328147 10785.922485092091
10610.177061902445 1807.3802560544004 3516.484856025685 1929.9540994701451 10785.921661637136
10610.177061896766 1807.3801928768276 3516.4848547857346 1929.9363889944952 10785.921274282824
10466.174156411196 1807.3801771386325 3516.484854763845 1929.9363889837723 10785.921126005223
10280.788051598516 1807.3801740117178 3516.4848547610964 1747.805617514582 10785.92102095372
