612.6205201431649 643.2725933341071 675.552056265491 560.782233743987 620.97237095952
603.8971619129379 608.3666586574909 646.8052254986833 544.3063084427217 601.8557578036848
603.3524594009941 604.1672707969728 644.798123444838 543.0642599969824 577.9044014260262
601.8357736693338 603.6476208130616 644.6896121597556 542.6805006677787 577.1850518251304
600.2709193430023 601.6036016006601 644.6015022230695 542.097974860565 576.568129975959
600.2043741647421 601.1914595067828 644.5958358724156 542.0738795689203 576.0842262714286
600.2035316525667 601.1914552989633 644.594227715786 542.0710565973532 576.0646544543929
600.2035315563849 601.1888631873885 644.5942244393855 542.021550059766 575.9881753053751
600.1611937439657 601.1813248982817 644.5897770240667 542.0132422733232 575.9802183215706
600.1604606528208 601.0111681546068 644.5897592970405 542.0038642062432 575.9798058046863
600.1593038484771 601.0094292655085 644.5896513380794 541.9905481322853 575.9797685347803
600.1586845698953 601.0093909137313 644.5896005553464 541.988423933095 575.9796495695623
600.1585569778272 578.9458573004622 644.5895929667608 541.986985155901 575.9791724082484
600.1584793323063 578.8508269603985 644.5895872212659 541.9766582098373 575.9791173160802
