7896.501659495054 3681.520438308816 3027.8562112700915 6938.946610315237 7020.616803778206 7261.51801081668 9260.680230171887 4670.965769363471 12331.825395466796 4529.5560801430765 7814.290399708108 12672.048553417424 1597.830779163064 5747.555271059501 1991.5564174106767 15713.80944941519 15922.711111456481 12698.999711881686 11654.084897160512 8689.718732704572 6248.355363989043 13263.13626805107 3780.8770396979485 8369.340653063065 7319.295228018849 13980.85282278057 9082.241390963241 9039.533581226782 22016.324418624405 12697.064963441195 9520.235780875228 4504.709190797996 3913.1665503013855 7641.339440494824 12068.235484751902 26659.647565170955 12264.091337727117 11281.716947115665 2454.8692847523043 7849.456176005359 13963.55453057192 10360.01254086588 4685.121087466849 9438.269919006776 5679.565909109703 8182.283788802952 1269.5517674888358 17331.956376456284 7407.033097568967 10047.198841524158 13662.09557704601
2324.814084931836 433.0639237269014 619.6623715277836 428.1993461594727 168.76748373279412 1591.9073384178869 950.902136474579 819.4130304516075 1103.1882025880454 698.4238064975787 589.7293082408308 3772.822976331552 219.1118888329546 1370.7917359990154 79.72384290163711 2651.385848844012 921.6587340120234 4042.946285776159 2221.64816507027 978.1970477092777 521.2253857088288 455.21763073086663 293.2792802333495 794.3043564881912 717.9494840735722 1794.2274702742966 947.141698831977 1231.2703581912765 2224.7753436090434 673.9702235302144 626.880890979117 167.27881146002778 366.1425796217402 432.7501448757189 281.56097427161717 2185.404864516483 2193.666472256453 843.3389970018156 443.2540606985099 940.753754952183 1273.7720247412046 2441.5367632812245 2023.3127701264912 1123.9808035811827 452.17607808579896 828.0558456727745 274.20766593088024 851.3816158047428 763.7364290251164 1113.9031720577225 1870.0577399788308
159.63205595775366 66.63375351450145 49.910371664019124 63.54941643250265 24.3492246407248 60.43764775444788 116.91346385404438 33.59369169700807 77.92086907256908 13.818814424049606 69.80819969807754 1176.7870466671418 18.5836321556244 130.5972497410355 7.531384230864774 157.57057665739597 21.07622644508217 98.73445694439903 114.14366722576307 54.79393347921848 19.216182729615298 31.06721972460582 16.351166045685773 228.17369574962413 44.91915358728613 376.8475638016241 18.71138986394186 145.03239745653138 110.88373451635624 17.179159280554018 41.64626387072178 20.656090666114892 17.558089626566243 165.4973483654519 17.721835834209344 307.5423064931683 319.9800688337241 115.29662549305476 20.48347980881158 70.44044605043814 62.81055025112346 149.62444134743453 36.04920026413231 56.38582914690619 24.42578850130309 157.0669699391255 12.671002434884599 154.2855364796145 31.743706327297957 82.70287653306985 159.09647434944293
0.6556167918377582 0.20106214017658885 0.12635604873179318 0.0033394010833944776 0.023411658556995008 2.46903277401924 0.10008622306361303 0.0023683879831537524 0.6820189483000831 0.0236386512180502 0.02272905323576424 3.474336060455414 0.004168594107454737 0.006026446267924257 0.013010454371453761 0.04041613746483108 0.028191702477215586 0.05408135769511091 0.33185275453871554 0.013395212545731283 0.007775356971990277 0.009602641780134036 0.059124918616873856 0.3641864156409156 0.014177250976217692 0.7453189226341692 0.00474454540011493 0.030441164146338906 0.11538292041643672 0.00449902816382064 0.007082208823703695 0.0014735876162603745 0.010375184614417776 0.8964982697869459 0.03398108799541433 0.11753005412015227 0.02309021570584946 0.02893154854353952 0.008663936270238537 0.010082293637140083 0.011377912607997587 0.2153629118375875 0.03082601503257365 0.015119351193618513 0.006182069871783824 0.19448288071885145 0.010335541053166253 0.7812766411914254 0.00897174799882805 0.04903539543710167 0.06467123554676846
0.0 0.0 0.0 0.0 0.0 0.0 0.0 0.0 0.0 0.0 0.0 0.0 0.0 0.0 0.0 0.0 0.0 0.0 0.0 0.0 0.0 0.0 0.0 0.0 0.0 0.0 0.0 0.0 0.0 0.0 0.0 0.0 0.0 0.0 0.0 0.0 0.0 0.0 0.0 0.0 0.0 0.0 0.0 0.0 0.0 0.0 0.0 0.0 0.0 0.0 0.0
0.0 0.0 0.0 0.0 0.0 0.0 0.0 0.0 0.0 0.0 0.0 0.0 0.0 0.0 0.0 0.0 0.0 0.0 0.0 0.0 0.0 0.0 0.0 0.0 0.0 0.0 0.0 0.0 0.0 0.0 0.0 0.0 0.0 0.0 0.0 0.0 0.0 0.0 0.0 0.0 0.0 0.0 0.0 0.0 0.0 0.0 0.0 0.0 0.0 0.0 0.0
0.0 0.0 0.0 0.0 0.0 0.0 0.0 0.0 0.0 0.0 0.0 0.0 0.0 0.0 0.0 0.0 0.0 0.0 0.0 0.0 0.0 0.0 0.0 0.0 0.0 0.0 0.0 0.0 0.0 0.0 0.0 0.0 0.0 0.0 0.0 0.0 0.0 0.0 0.0 0.0 0.0 0.0 0.0 0.0 0.0 0.0 0.0 0.0 0.0 0.0 0.0
0.0 0.0 0.0 0.0 0.0 0.0 0.0 0.0 0.0 0.0 0.0 0.0 0.0 0.0 0.0 0.0 0.0 0.0 0.0 0.0 0.0 0.0 0.0 0.0 0.0 0.0 0.0 0.0 0.0 0.0 0.0 0.0 0.0 0.0 0.0 0.0 0.0 0.0 0.0 0.0 0.0 0.0 0.0 0.0 0.0 0.0 0.0 0.0 0.0 0.0 0.0
0.0 0.0 0.0 0.0 0.0 0.0 0.0 0.0 0.0 0.0 0.0 0.0 0.0 0.0 0.0 0.0 0.0 0.0 0.0 0.0 0.0 0.0 0.0 0.0 0.0 0.0 0.0 0.0 0.0 0.0 0.0 0.0 0.0 0.0 0.0 0.0 0.0 0.0 0.0 0.0 0.0 0.0 0.0 0.0 0.0 0.0 0.0 0.0 0.0 0.0 0.0
0.0 0.0 0.0 0.0 0.0 0.0 0.0 0.0 0.0 0.0 0.0 0.0 0.0 0.0 0.0 0.0 0.0 0.0 0.0 0.0 0.0 0.0 0.0 0.0 0.0 0.0 0.0 0.0 0.0 0.0 0.0 0.0 0.0 0.0 0.0 0.0 0.0 0.0 0.0 0.0 0.0 0.0 0.0 0.0 0.0 0.0 0.0 0.0 0.0 0.0 0.0
0.0 0.0 0.0 0.0 0.0 0.0 0.0 0.0 0.0 0.0 0.0 0.0 0.0 0.0 0.0 0.0 0.0 0.0 0.0 0.0 0.0 0.0 0.0 0.0 0.0 0.0 0.0 0.0 0.0 0.0 0.0 0.0 0.0 0.0 0.0 0.0 0.0 0.0 0.0 0.0 0.0 0.0 0.0 0.0 0.0 0.0 0.0 0.0 0.0 0.0 0.0
0.0 0.0 0.0 0.0 0.0 0.0 0.0 0.0 0.0 0.0 0.0 0.0 0.0 0.0 0.0 0.0 0.0 0.0 0.0 0.0 0.0 0.0 0.0 0.0 0.0 0.0 0.0 0.0 0.0 0.0 0.0 0.0 0.0 0.0 0.0 0.0 0.0 0.0 0.0 0.0 0.0 0.0 0.0 0.0 0.0 0.0 0.0 0.0 0.0 0.0 0.0
0.0 0.0 0.0 0.0 0.0 0.0 0.0 0.0 0.0 0.0 0.0 0.0 0.0 0.0 0.0 0.0 0.0 0.0 0.0 0.0 0.0 0.0 0.0 0.0 0.0 0.0 0.0 0.0 0.0 0.0 0.0 0.0 0.0 0.0 0.0 0.0 0.0 0.0 0.0 0.0 0.0 0.0 0.0 0.0 0.0 0.0 0.0 0.0 0.0 0.0 0.0
0.0 0.0 0.0 0.0 0.0 0.0 0.0 0.0 0.0 0.0 0.0 0.0 0.0 0.0 0.0 0.0 0.0 0.0 0.0 0.0 0.0 0.0 0.0 0.0 0.0 0.0 0.0 0.0 0.0 0.0 0.0 0.0 0.0 0.0 0.0 0.0 0.0 0.0 0.0 0.0 0.0 0.0 0.0 0.0 0.0 0.0 0.0 0.0 0.0 0.0 0.0
