1350186.6499000078 5716123.58609416 5112029.301957668 9716526.026980802 3337003.1648709336
11647.88603437489 17863.315378250096 10821.345241740662 14437.550645015974 44486.54341464854
5650.298794291566 1614.9051483554126 791.0201282492822 1874.3742236934136 27530.367181361205
5183.5827966671495 906.9079130375812 542.4768123045033 1476.4358602318625 24896.624060948794
5034.607175076657 614.2971739933369 466.51355661569687 1237.3863299187487 24610.258936122427
2300.0362551747517 608.8362257348022 204.69957600055568 1073.1853015297966 890.3484339689608
2297.159431935998 608.7829368342259 204.30088512214388 1069.4278117305366 879.090478248148
2297.156736489799 608.7260700784855 204.29754556170656 1069.4173293072536 878.0088417715801
2297.15484974934 608.410697832428 204.2941731580006 1069.4148495224758 875.7502391500875
2297.1540256620256 607.5748210480726 204.29338981636533 1069.4134698263065 874.3966055275409
2297.14900229069 443.95992709023835 204.28670291365597 1069.4107359516956 874.1236408985678
2297.1475064490674 443.87894421435203 204.2848853183084 1069.4078344162735 874.0708338980558
2297.147385598514 443.6235923448339 204.28484493217343 1069.406958675454 874.0669554397873
2297.147301295231 443.57775918196285 204.28483836081477 1069.406877142962 874.066761606734
