6771418.602269451 6679511.640003533 3760580.4919383037 6534455.339337103 3620996.6517497757
1005259.7433082174 3576978.5597322327 1013056.3786934045 2102791.616592627 840822.4851629987
345315.089619376 720624.7964551657 327048.29124100687 1200977.62982545 518657.3136407945
85452.35843784084 296182.6112723976 90888.36183815444 342612.60522066307 137076.62859063759
26893.265349821766 68776.04250267899 21162.5924876826 72458.41550675068 99750.6048680306
13804.695477438476 30826.188255587622 6663.22926359845 18364.187570943184 50965.81063071962
7820.616478452293 16347.414727577176 1049.552687028348 6577.519828070655 7711.640878022583
5453.584385105491 7468.652407059057 677.8658062873683 2835.5293299000177 5666.764277500414
2447.50961143001 3064.802443454426 580.2420206224765 1913.6979192757417 3461.426513329816
1349.576377780288 2223.7942814401467 456.12646392339957 1037.2847347928405 1144.9983147019648
573.7098456380998 1198.7145525714832 404.4831231257949 776.6921007584542 856.3197346080487
477.8977512410363 1136.4386145989984 399.60521142972675 592.893891752823 488.40747811615734
435.6791489615757 775.4090709032498 399.19069895374855 493.52355872104886 391.78439341933154
386.3920092487351 568.6641645395621 397.64102553769135 456.45686154672603 339.00685896382856
