586.0785020366611 638.5320692569053 566.9524451228594 616.4011236515062 573.8946278442404
427.5163405870926 494.17711959742974 415.6233097128388 391.785123116304 431.57838441713875
423.2338009659002 396.735024699105 401.20952590827665 388.89571539788676 401.2441317965968
423.12641572881785 387.6682750058426 394.25606335193334 387.9827354145482 389.11582849294064
423.12641477482066 387.6677767102683 394.0081202386168 387.62658328893076 389.0147609445303
422.97578557332326 387.552821951037 394.0081202386136 387.6265832889203 389.01476094452846
422.97578557332236 387.47844531200826 394.0081202386136 387.6265832889203 389.01476094452755
422.7633746125193 387.47844531200826 394.0081202386136 387.58912804114607 389.01476094452755
422.4409532211039 387.47844531200826 394.0081202386136 387.58912804114607 389.01476094452755
422.1232185137087 387.47844531200826 394.0081202386136 387.58912804114607 389.01476094452755
421.4554553019011 387.4705125661367 394.0081202386136 387.58912804114607 389.01476094452755
421.01913008879 387.4705125661367 394.0081202386136 387.58912804114607 389.01476094452755
420.93763605452887 387.4705125661367 394.0081202386136 387.58912804114607 389.01476094452755
420.7801621042063 387.4705125661367 394.0081202386136 387.58912804114607 389.01476094452755
