453.0428833215867 435.4898450062076 514.8655993950888 439.22193290220457 476.3830160005755
285.1953776275934 302.33658639095506 344.80936569679443 313.9872830954482 319.2077547157188
141.35911287108388 142.6765608499959 144.7230387671275 124.04318507084963 143.17949905828118
131.36398751078832 142.08766321144697 95.98454973882167 122.85819908258588 131.43662292900535
131.36396451444557 142.08766179140878 95.98322053942843 122.85819716937431 131.43661980164666
131.3639645144018 142.0876617914082 95.98322053942331 122.85819716937317 131.43661980164575
131.3639645144017 142.08766179140775 95.98322053942297 122.85819716937317 131.43661980164575
131.3639645144017 142.08766179140775 95.98322053942297 122.85819716937317 131.43661980164575
131.3639645144017 142.08766179140775 95.98322053942297 122.85819716937294 131.43661980164575
131.3639645144017 142.08766179140775 95.98322053942286 122.85819716937294 131.43661980164575
131.36396451440146 142.08766179140764 95.98322053942286 122.85819716937283 131.43661980164552
131.36396451440146 142.08766179140764 95.98322053942286 122.85819716937272 131.43661980164552
131.36396451440146 142.08766179140764 95.98322053942286 122.85819716937272 131.43661980164552
131.36396451440146 142.08766179140764 95.98322053942286 122.8581971693726 131.43661980164552
