1182.9458963227717 1307.8064534516184 1064.5877630422501 1058.3478059209765 1072.375185291341
1076.8267583939305 1261.5110239247942 1009.8656446220712 962.4026703427635 986.2736133442077
1067.263681678563 1257.903299434844 964.53252624876 844.5348314259109 982.838187098163
1063.0660557033093 1169.0675011691997 960.8869970687065 801.7112278508025 966.8790126460308
1061.5742911474672 1163.3499141205143 959.233591082515 800.958077552843 966.4139107825749
1030.7160184033592 1149.7809245055741 953.9735078074777 800.6087116113931 966.4031138357414
1030.0009967715955 1148.2647180724393 953.9599050359843 800.5847390832059 966.3810023952506
1029.9828347548419 1148.2028535829913 953.9380704598289 800.5845637103962 966.3806008038964
1029.969721643251 1148.2011695959213 953.9347788769201 800.5844344228249 966.3796232775367
1029.8925770756814 1148.173188400885 953.9343246904859 800.5414606055829 966.3277900061153
1029.8904942276013 1147.9320353216544 953.9339638079482 800.53962347379 966.3270987020355
1029.889983170271 1147.923481186635 953.9339556543869 800.5358477070695 966.3249762276182
1029.8897582922273 1147.9231518473307 953.9339354965496 800.5257007970263 966.3247998942879
1029.8856468641047 1147.9205210461905 953.9289621798143 800.5219848572865 966.3247887918287
