6.11240858212664E7 8.970500091667959E7 1.6953931192433906E8 1.4580453434556836E8 7729817.186889794 6.502915567162633E7 3.995205424688858E7 5.534736070714712E7 4.905424442265934E7 7.139706010250898E7 9.665955135475531E7 1.2337692980560904E7 1.4910272285376644E8 9.091544290827201E7 3992742.9909121874 6.502131522160258E7 1.7566172716536552E8 8.801109442083196E7 2.483633422830958E7 7.7958772142207E7 9.85559251620409E7 2.058040628510456E7 1.4744973669321317E7 5.5394310711797774E7 1.142912698623688E8 1.2325066593661302E8 1.5218674940320473E7 2.5016571347617626E7 6.2733270749424435E7 2.0859875057736707E8 7.24695991646296E7 3.7549895415778555E7 3.197711206208146E7 6.361672115260699E7 9.218115269017154E7 1.248413645623425E8 1.8178635285037402E7 7.031931308951515E7 8.883563744398575E7 6.991290203836134E7 4.466220736545834E7 9.890921094800213E7 1.0685816956925431E8 4.342561478730739E7 2.3936701347032914E8 8.518546410946554E7 1.2878718829101443E8 4.456093886314624E7 1.866846185711395E8 6.451373593066821E7 8.20133484215804E7
7583.779145404726 3369.9229268096506 10216.298830630645 25424.221429586258 12331.914955133014 11273.73751183334 15521.85876938256 39114.37646596102 11377.59929373056 30412.77010477954 4105.629964453812 4504.576195539167 12416.832841453957 7816.864970153252 3818.843924350592 1453.9663710417328 6943.77541635537 19684.619428560934 11809.924420123327 13143.644449389107 210197.7443890285 4905.274357494534 5614.512582754598 47749.88586752815 110406.56932348147 30590.032446141653 6266.290788170527 11802.302770819964 241413.37291155913 15493.324129399429 11207.990609438124 8314.20144985904 6656.251483864472 20526.127136656938 117007.55067533234 11078.790410385534 4771.928778540155 3036.6248811947635 44689.49711089215 5389.6167059558975 12391.918137755189 36851.99225364083 5603.939930740063 7176.095889840503 22302.703874247316 21179.777430809332 19896.778819290892 2157.1864287006006 10628.064378137606 11160.111257566023 152862.28029239096
317.4132416045716 19.771651900586264 4622.188115311433 8027.386343031329 9325.577840183885 287.9288777565323 1634.4708286424402 3935.785934936923 6880.922362886919 163.65996289928677 2874.06703133602 1342.2171873169475 5528.898321439386 4091.691359473698 2442.685033508895 6.286516659569742 114.04949408724718 367.33856092651456 10925.150361406208 75.04426858124845 460.7322352891267 4371.362187347457 5528.877402480246 487.48754477545185 3528.196591773525 99.23671629468203 5460.62796621644 10124.055067082509 2563.764319274064 1880.68011832976 770.4175285814227 5316.1889905520475 144.60549237926932 42.39815037936083 7256.4652909478655 5110.979660751012 4278.087330588114 758.6825461083956 614.7197294171266 140.08265870893564 4300.880738964751 2294.951859420566 5530.731892855265 6277.632420978437 7316.504524872939 749.1800563599298 109.98932193665036 88.15935472109447 2318.324837193923 5531.8024062933355 3377.1549211172082
300.4606630924948 16.932575587168486 4609.308209321503 7682.287551901937 334.0346282994261 163.11400424934578 1415.6894281029495 3283.7661540227505 6875.0833231789875 151.57677265579477 1008.1808864858185 807.378475136301 71.9969717372689 4069.726807324374 2403.977415619301 6.192896785738029 47.59824369467813 327.70400372892124 10335.52876811026 74.46603724336148 303.28465405748517 33.959843975429294 5.190768517586989 459.8863383765365 2877.0128776201523 93.78182013474185 33.977161245616 10119.359839947958 2552.8433901895937 1872.6351187609675 749.1730051054043 452.1302530930102 111.77724200709926 6.0468359076345735 7012.611948071184 5097.003095867693 4266.730514922699 757.5547352624002 20.537836649482188 138.13862426983235 80.60321534761096 682.1894058112538 3.670941019215519 6075.24826533938 7311.710320332232 715.4475210790026 0.026315657767270295 87.6929788186298 2307.99504064832 1.9990814866716704 2534.006925155565
1.3991160997761654E-5 8.667102235904167E-7 7.065835873731885E-6 8.009162300481876E-6 8.691417434647519E-7 5.8249964922652E-6 2.4126166493942947E-5 1.1673993185468134E-6 2.470053119196791E-4 2.5144927917608584E-8 1.7171880557498298E-6 1.2591658560268115E-7 6.174668953917717E-8 1.0893381841015071E-7 1.8210048423838998E-5 0.0 4.212381156776246E-6 1.966084926152689E-5 1.4475167242267162E-4 6.454185822235559E-6 9.172134411983279E-7 6.584083678262687E-8 1.4863488217997656E-8 3.301830204804901E-6 5.499813582332536E-6 2.165130950970706E-6 2.0395202682266245E-7 6.665463513400027E-5 1.8570593596223262E-6 0.0027450465770471055 5.754603777887723E-4 4.1510085679874464E-7 1.3235006548484307E-6 3.179130985131451E-6 6.171990492020996E-6 4.2177121883923974E-7 4.1116051320955194E-5 4.418681953666237E-7 3.0159021804365693E-6 2.236729514493163E-6 0.0 7.70119825688198E-7 0.0 1.1810793694166932E-6 1.825481335515633E-5 2.0501179562870675E-6 4.149127150299137E-6 8.176151311545254E-8 4.17379583126376E-4 0.0 2.834657536254781E-6
0.0 0.0 0.0 0.0 0.0 0.0 0.0 0.0 0.0 0.0 0.0 0.0 0.0 0.0 0.0 0.0 0.0 0.0 0.0 0.0 0.0 0.0 0.0 0.0 0.0 0.0 0.0 0.0 0.0 0.0 0.0 0.0 0.0 0.0 0.0 0.0 0.0 0.0 0.0 0.0 0.0 0.0 0.0 0.0 0.0 0.0 0.0 0.0 0.0 0.0 0.0
0.0 0.0 0.0 0.0 0.0 0.0 0.0 0.0 0.0 0.0 0.0 0.0 0.0 0.0 0.0 0.0 0.0 0.0 0.0 0.0 0.0 0.0 0.0 0.0 0.0 0.0 0.0 0.0 0.0 0.0 0.0 0.0 0.0 0.0 0.0 0.0 0.0 0.0 0.0 0.0 0.0 0.0 0.0 0.0 0.0 0.0 0.0 0.0 0.0 0.0 0.0
0.0 0.0 0.0 0.0 0.0 0.0 0.0 0.0 0.0 0.0 0.0 0.0 0.0 0.0 0.0 0.0 0.0 0.0 0.0 0.0 0.0 0.0 0.0 0.0 0.0 0.0 0.0 0.0 0.0 0.0 0.0 0.0 0.0 0.0 0.0 0.0 0.0 0.0 0.0 0.0 0.0 0.0 0.0 0.0 0.0 0.0 0.0 0.0 0.0 0.0 0.0
0.0 0.0 0.0 0.0 0.0 0.0 0.0 0.0 0.0 0.0 0.0 0.0 0.0 0.0 0.0 0.0 0.0 0.0 0.0 0.0 0.0 0.0 0.0 0.0 0.0 0.0 0.0 0.0 0.0 0.0 0.0 0.0 0.0 0.0 0.0 0.0 0.0 0.0 0.0 0.0 0.0 0.0 0.0 0.0 0.0 0.0 0.0 0.0 0.0 0.0 0.0
0.0 0.0 0.0 0.0 0.0 0.0 0.0 0.0 0.0 0.0 0.0 0.0 0.0 0.0 0.0 0.0 0.0 0.0 0.0 0.0 0.0 0.0 0.0 0.0 0.0 0.0 0.0 0.0 0.0 0.0 0.0 0.0 0.0 0.0 0.0 0.0 0.0 0.0 0.0 0.0 0.0 0.0 0.0 0.0 0.0 0.0 0.0 0.0 0.0 0.0 0.0
0.0 0.0 0.0 0.0 0.0 0.0 0.0 0.0 0.0 0.0 0.0 0.0 0.0 0.0 0.0 0.0 0.0 0.0 0.0 0.0 0.0 0.0 0.0 0.0 0.0 0.0 0.0 0.0 0.0 0.0 0.0 0.0 0.0 0.0 0.0 0.0 0.0 0.0 0.0 0.0 0.0 0.0 0.0 0.0 0.0 0.0 0.0 0.0 0.0 0.0 0.0
0.0 0.0 0.0 0.0 0.0 0.0 0.0 0.0 0.0 0.0 0.0 0.0 0.0 0.0 0.0 0.0 0.0 0.0 0.0 0.0 0.0 0.0 0.0 0.0 0.0 0.0 0.0 0.0 0.0 0.0 0.0 0.0 0.0 0.0 0.0 0.0 0.0 0.0 0.0 0.0 0.0 0.0 0.0 0.0 0.0 0.0 0.0 0.0 0.0 0.0 0.0
0.0 0.0 0.0 0.0 0.0 0.0 0.0 0.0 0.0 0.0 0.0 0.0 0.0 0.0 0.0 0.0 0.0 0.0 0.0 0.0 0.0 0.0 0.0 0.0 0.0 0.0 0.0 0.0 0.0 0.0 0.0 0.0 0.0 0.0 0.0 0.0 0.0 0.0 0.0 0.0 0.0 0.0 0.0 0.0 0.0 0.0 0.0 0.0 0.0 0.0 0.0
0.0 0.0 0.0 0.0 0.0 0.0 0.0 0.0 0.0 0.0 0.0 0.0 0.0 0.0 0.0 0.0 0.0 0.0 0.0 0.0 0.0 0.0 0.0 0.0 0.0 0.0 0.0 0.0 0.0 0.0 0.0 0.0 0.0 0.0 0.0 0.0 0.0 0.0 0.0 0.0 0.0 0.0 0.0 0.0 0.0 0.0 0.0 0.0 0.0 0.0 0.0
