634.9160218394964 599.3856494004303 551.7097854734839 633.4809777286919 582.9292982726633
605.0854459116417 592.4668212689958 502.30277888750834 597.1402822621212 558.954939913664
605.0854318531342 592.4668212689949 501.9875445739208 596.330197465043 558.8982395466523
605.0854318476331 592.4668212689858 501.9873885529587 596.3257619860724 558.8975519983369
605.0854318476304 592.4668212689849 501.9873885529587 596.3257617824211 558.8975518941083
605.0854318476295 592.466821268984 501.9873885529587 596.3257617824211 558.8975518941079
605.0854318476295 592.466821268984 501.9873885529587 596.3257617824165 558.8975518941079
605.0854318476295 592.466821268984 501.9873885529587 596.3257617824156 558.8975518941079
605.0854318476295 592.466821268984 501.9873885529587 596.3257617824156 558.8975518941079
605.0854318476295 592.4668212689835 501.9873885529587 596.3257617824156 558.8975518941079
605.0854318476295 592.4668212689835 501.9873885529587 596.3257617824156 558.8975518941079
605.0854318476295 592.4668212689835 501.9873885529587 596.3257617824156 558.8975518941079
605.0854318476295 592.4668212689835 501.9873885529587 596.3257617824156 558.8975518941079
605.0854318476295 592.4668212689835 501.9873885529587 596.3257617824156 558.8975518941079
